t_in	v_in	t_out	v_out
1.24E-05	1.08	1.24E-05	0.78
1.25E-05	-1	1.25E-05	0.66
1.26E-05	-0.96	1.26E-05	0.74
1.27E-05	-0.96	1.27E-05	0.76
1.28E-05	-0.96	1.28E-05	0.76
1.29E-05	-0.96	1.29E-05	0.74
1.30E-05	-0.96	1.30E-05	0.72
1.31E-05	-0.96	1.31E-05	0.74
1.32E-05	-0.96	1.32E-05	0.72
1.33E-05	-0.96	1.33E-05	0.72
1.34E-05	-0.96	1.34E-05	0.7
1.35E-05	-0.96	1.35E-05	0.72
1.36E-05	-0.96	1.36E-05	0.7
1.37E-05	-0.96	1.37E-05	0.68
1.38E-05	-0.96	1.38E-05	0.7
1.39E-05	-0.96	1.39E-05	0.68
1.40E-05	-0.88	1.40E-05	0.68
1.41E-05	-1	1.41E-05	0.66
1.42E-05	-0.96	1.42E-05	0.64
1.43E-05	-0.96	1.43E-05	0.66
1.44E-05	-0.96	1.44E-05	0.62
1.45E-05	-0.96	1.45E-05	0.64
1.46E-05	-1	1.46E-05	0.64
1.47E-05	-0.96	1.47E-05	0.6
1.48E-05	-0.92	1.48E-05	0.62
1.49E-05	-0.96	1.49E-05	0.6
1.50E-05	-1	1.50E-05	0.58
1.51E-05	-0.96	1.51E-05	0.6
1.52E-05	-0.92	1.52E-05	0.58
1.53E-05	-0.96	1.53E-05	0.58
1.54E-05	-1	1.54E-05	0.54
1.55E-05	-0.92	1.55E-05	0.54
1.56E-05	-1	1.56E-05	0.54
1.57E-05	-0.92	1.57E-05	0.52
1.58E-05	-1	1.58E-05	0.54
1.59E-05	-1	1.59E-05	0.52
1.60E-05	-0.96	1.60E-05	0.5
1.61E-05	-0.96	1.61E-05	0.5
1.62E-05	-0.96	1.62E-05	0.5
1.63E-05	-0.92	1.63E-05	0.5
1.64E-05	-0.96	1.64E-05	0.5
1.65E-05	-0.96	1.65E-05	0.48
1.66E-05	-0.96	1.66E-05	0.48
1.67E-05	-0.96	1.67E-05	0.46
1.68E-05	-0.96	1.68E-05	0.46
1.69E-05	-0.96	1.69E-05	0.44
1.70E-05	-0.96	1.70E-05	0.44
1.71E-05	-0.96	1.71E-05	0.42
1.72E-05	-1	1.72E-05	0.44
1.73E-05	-0.92	1.73E-05	0.44
1.74E-05	-0.96	1.74E-05	0.44
1.75E-05	-0.96	1.75E-05	0.42
1.76E-05	-0.96	1.76E-05	0.4
1.77E-05	-0.92	1.77E-05	0.4
1.78E-05	-0.96	1.78E-05	0.38
1.79E-05	-0.96	1.79E-05	0.4
1.80E-05	-0.96	1.80E-05	0.38
1.81E-05	-1	1.81E-05	0.38
1.82E-05	-0.96	1.82E-05	0.4
1.83E-05	-0.96	1.83E-05	0.38
1.84E-05	-0.96	1.84E-05	0.36
1.85E-05	-0.96	1.85E-05	0.34
1.86E-05	-0.92	1.86E-05	0.36
1.87E-05	-0.96	1.87E-05	0.32
1.88E-05	-0.96	1.88E-05	0.32
1.89E-05	-0.96	1.89E-05	0.3
1.90E-05	-0.96	1.90E-05	0.32
1.91E-05	-0.96	1.91E-05	0.3
1.92E-05	-0.96	1.92E-05	0.3
1.93E-05	-0.96	1.93E-05	0.3
1.94E-05	-1	1.94E-05	0.3
1.95E-05	-0.96	1.95E-05	0.3
1.96E-05	-0.96	1.96E-05	0.28
1.97E-05	-0.96	1.97E-05	0.28
1.98E-05	-0.96	1.98E-05	0.26
1.99E-05	-1	1.99E-05	0.28
2.00E-05	-0.96	2.00E-05	0.24
2.01E-05	-0.92	2.01E-05	0.24
2.02E-05	-1	2.02E-05	0.24
2.03E-05	-0.92	2.03E-05	0.24
2.04E-05	-0.96	2.04E-05	0.22
2.05E-05	-0.96	2.05E-05	0.22
2.06E-05	-0.96	2.06E-05	0.22
2.07E-05	-1	2.07E-05	0.24
2.08E-05	-0.96	2.08E-05	0.18
2.09E-05	-0.92	2.09E-05	0.2
2.10E-05	-1.04	2.10E-05	0.2
2.11E-05	-0.96	2.11E-05	0.2
2.12E-05	-0.92	2.12E-05	0.18
2.13E-05	-0.96	2.13E-05	0.18
2.14E-05	-0.96	2.14E-05	0.16
2.15E-05	-0.96	2.15E-05	0.18
2.16E-05	-0.96	2.16E-05	0.16
2.17E-05	-1	2.17E-05	0.16
2.18E-05	-0.96	2.18E-05	0.14
2.19E-05	-0.96	2.19E-05	0.16
2.20E-05	-1	2.20E-05	0.14
2.21E-05	-1	2.21E-05	0.14
2.22E-05	-1	2.22E-05	0.14
2.23E-05	-0.92	2.23E-05	0.12
2.24E-05	-0.92	2.24E-05	0.1
2.25E-05	-0.96	2.25E-05	0.14
2.26E-05	-0.96	2.26E-05	0.12
2.27E-05	-0.96	2.27E-05	0.08
2.28E-05	-1	2.28E-05	0.1
2.29E-05	-0.96	2.29E-05	0.08
2.30E-05	-0.96	2.30E-05	0.1
2.31E-05	-0.96	2.31E-05	0.08
2.32E-05	-1	2.32E-05	0.08
2.33E-05	-0.96	2.33E-05	0.06
2.34E-05	-0.96	2.34E-05	0.06
2.35E-05	-0.96	2.35E-05	0.06
2.36E-05	-0.96	2.36E-05	0.06
2.37E-05	-0.96	2.37E-05	0.06
2.38E-05	-0.96	2.38E-05	0.02
2.39E-05	-0.96	2.39E-05	0.04
2.40E-05	-0.96	2.40E-05	0.04
2.41E-05	-1	2.41E-05	0.04
2.42E-05	-0.96	2.42E-05	0.02
2.43E-05	-1	2.43E-05	0.02
2.44E-05	-0.96	2.44E-05	0.06
2.45E-05	-0.96	2.45E-05	0.02
2.46E-05	-0.96	2.46E-05	0.02
2.47E-05	-1	2.47E-05	0
2.48E-05	-0.92	2.48E-05	0
2.49E-05	-1	2.49E-05	0
2.50E-05	-0.96	2.50E-05	0
2.51E-05	-0.96	2.51E-05	0.02
2.52E-05	-0.96	2.52E-05	0
2.53E-05	-0.96	2.53E-05	0
2.54E-05	-0.96	2.54E-05	-0.04
2.55E-05	-1	2.55E-05	-0.04
2.56E-05	-0.96	2.56E-05	-0.02
2.57E-05	-1	2.57E-05	-0.04
2.58E-05	-0.92	2.58E-05	-0.02
2.59E-05	-1	2.59E-05	-0.06
2.60E-05	-1	2.60E-05	-0.04
2.61E-05	-1	2.61E-05	-0.04
2.62E-05	-0.96	2.62E-05	-0.06
2.63E-05	-1	2.63E-05	-0.08
2.64E-05	-1	2.64E-05	-0.08
2.65E-05	-0.96	2.65E-05	-0.08
2.66E-05	-0.96	2.66E-05	-0.08
2.67E-05	-1	2.67E-05	-0.1
2.68E-05	-0.96	2.68E-05	-0.1
2.69E-05	-1	2.69E-05	-0.1
2.70E-05	-1	2.70E-05	-0.08
2.71E-05	-1	2.71E-05	-0.12
2.72E-05	-0.96	2.72E-05	-0.08
2.73E-05	-0.96	2.73E-05	-0.12
2.74E-05	-0.96	2.74E-05	-0.12
2.75E-05	-0.92	2.75E-05	-0.12
2.76E-05	-0.92	2.76E-05	-0.12
2.77E-05	-0.96	2.77E-05	-0.14
2.78E-05	-0.96	2.78E-05	-0.12
2.79E-05	-0.96	2.79E-05	-0.12
2.80E-05	-1	2.80E-05	-0.16
2.81E-05	-0.96	2.81E-05	-0.12
2.82E-05	-0.96	2.82E-05	-0.14
2.83E-05	-0.96	2.83E-05	-0.14
2.84E-05	-0.92	2.84E-05	-0.16
2.85E-05	-0.96	2.85E-05	-0.16
2.86E-05	-1	2.86E-05	-0.14
2.87E-05	-0.96	2.87E-05	-0.16
2.88E-05	-1	2.88E-05	-0.18
2.89E-05	-0.92	2.89E-05	-0.18
2.90E-05	-1	2.90E-05	-0.18
2.91E-05	-0.96	2.91E-05	-0.18
2.92E-05	-0.92	2.92E-05	-0.18
2.93E-05	-0.96	2.93E-05	-0.18
2.94E-05	-1	2.94E-05	-0.18
2.95E-05	-0.96	2.95E-05	-0.18
2.96E-05	-0.96	2.96E-05	-0.2
2.97E-05	-0.96	2.97E-05	-0.2
2.98E-05	-0.96	2.98E-05	-0.22
2.99E-05	-0.96	2.99E-05	-0.22
3.00E-05	-1	3.00E-05	-0.22
3.01E-05	-1	3.01E-05	-0.22
3.02E-05	-0.96	3.02E-05	-0.24
3.03E-05	-1	3.03E-05	-0.24
3.04E-05	-0.96	3.04E-05	-0.26
3.05E-05	-0.96	3.05E-05	-0.22
3.06E-05	-0.96	3.06E-05	-0.24
3.07E-05	-0.96	3.07E-05	-0.24
3.08E-05	-0.96	3.08E-05	-0.24
3.09E-05	-0.96	3.09E-05	-0.24
3.10E-05	-0.96	3.10E-05	-0.24
3.11E-05	-0.96	3.11E-05	-0.26
3.12E-05	-1	3.12E-05	-0.26
3.13E-05	-1	3.13E-05	-0.24
3.14E-05	-0.96	3.14E-05	-0.26
3.15E-05	-0.92	3.15E-05	-0.26
3.16E-05	-1	3.16E-05	-0.26
3.17E-05	-0.96	3.17E-05	-0.26
3.18E-05	-0.96	3.18E-05	-0.26
3.19E-05	-1	3.19E-05	-0.3
3.20E-05	-1	3.20E-05	-0.28
3.21E-05	-1	3.21E-05	-0.28
3.22E-05	-1	3.22E-05	-0.32
3.23E-05	-0.96	3.23E-05	-0.28
3.24E-05	-1	3.24E-05	-0.28
3.25E-05	-0.96	3.25E-05	-0.3
3.26E-05	-0.96	3.26E-05	-0.32
3.27E-05	-0.96	3.27E-05	-0.32
3.28E-05	-0.96	3.28E-05	-0.3
3.29E-05	-0.96	3.29E-05	-0.32
3.30E-05	-0.96	3.30E-05	-0.32
3.31E-05	-0.96	3.31E-05	-0.3
3.32E-05	-1	3.32E-05	-0.34
3.33E-05	-0.96	3.33E-05	-0.32
3.34E-05	-1	3.34E-05	-0.3
3.35E-05	-0.96	3.35E-05	-0.32
3.36E-05	-0.92	3.36E-05	-0.32
3.37E-05	-1.04	3.37E-05	-0.34
3.38E-05	-0.96	3.38E-05	-0.38
3.39E-05	-0.92	3.39E-05	-0.34
3.40E-05	-0.96	3.40E-05	-0.34
3.41E-05	-0.96	3.41E-05	-0.36
3.42E-05	-0.96	3.42E-05	-0.36
3.43E-05	-0.96	3.43E-05	-0.34
3.44E-05	-0.96	3.44E-05	-0.36
3.45E-05	-1	3.45E-05	-0.32
3.46E-05	-0.96	3.46E-05	-0.36
3.47E-05	-1	3.47E-05	-0.36
3.48E-05	-1	3.48E-05	-0.38
3.49E-05	-0.96	3.49E-05	-0.38
3.50E-05	-0.96	3.50E-05	-0.36
3.51E-05	-0.96	3.51E-05	-0.38
3.52E-05	-0.96	3.52E-05	-0.38
3.53E-05	-0.96	3.53E-05	-0.4
3.54E-05	-0.96	3.54E-05	-0.4
3.55E-05	-0.92	3.55E-05	-0.38
3.56E-05	-0.96	3.56E-05	-0.38
3.57E-05	-0.96	3.57E-05	-0.4
3.58E-05	-1	3.58E-05	-0.4
3.59E-05	-1	3.59E-05	-0.4
3.60E-05	-1	3.60E-05	-0.38
3.61E-05	-0.96	3.61E-05	-0.42
3.62E-05	-0.96	3.62E-05	-0.4
3.63E-05	-1	3.63E-05	-0.4
3.64E-05	-0.96	3.64E-05	-0.4
3.65E-05	-0.96	3.65E-05	-0.42
3.66E-05	-0.96	3.66E-05	-0.44
3.67E-05	-0.96	3.67E-05	-0.44
3.68E-05	-1	3.68E-05	-0.46
3.69E-05	-0.96	3.69E-05	-0.42
3.70E-05	-1	3.70E-05	-0.44
3.71E-05	-0.96	3.71E-05	-0.42
3.72E-05	-0.96	3.72E-05	-0.42
3.73E-05	-1	3.73E-05	-0.44
3.74E-05	-1	3.74E-05	-0.44
3.75E-05	-0.96	3.75E-05	-0.44
3.76E-05	-0.96	3.76E-05	-0.48
3.77E-05	-0.96	3.77E-05	-0.44
3.78E-05	-1	3.78E-05	-0.44
3.79E-05	-1	3.79E-05	-0.44
3.80E-05	-0.96	3.80E-05	-0.42
3.81E-05	-0.96	3.81E-05	-0.44
3.82E-05	-1	3.82E-05	-0.46
3.83E-05	-0.96	3.83E-05	-0.46
3.84E-05	-0.96	3.84E-05	-0.48
3.85E-05	-0.96	3.85E-05	-0.46
3.86E-05	-0.96	3.86E-05	-0.48
3.87E-05	-0.96	3.87E-05	-0.46
3.88E-05	-1	3.88E-05	-0.48
3.89E-05	-1	3.89E-05	-0.48
3.90E-05	-0.96	3.90E-05	-0.48
3.91E-05	-0.96	3.91E-05	-0.48
3.92E-05	-0.96	3.92E-05	-0.48
3.93E-05	-0.96	3.93E-05	-0.48
3.94E-05	-1	3.94E-05	-0.48
3.95E-05	-0.92	3.95E-05	-0.46
3.96E-05	-0.96	3.96E-05	-0.48
3.97E-05	-0.96	3.97E-05	-0.48
3.98E-05	-0.96	3.98E-05	-0.54
3.99E-05	-0.96	3.99E-05	-0.48
4.00E-05	-0.96	4.00E-05	-0.5
4.01E-05	-0.96	4.01E-05	-0.52
4.02E-05	-1	4.02E-05	-0.5
4.03E-05	-0.96	4.03E-05	-0.52
4.04E-05	-0.96	4.04E-05	-0.5
4.05E-05	-1	4.05E-05	-0.52
4.06E-05	-1	4.06E-05	-0.54
4.07E-05	-1	4.07E-05	-0.5
4.08E-05	-0.96	4.08E-05	-0.52
4.09E-05	-0.96	4.09E-05	-0.52
4.10E-05	-0.96	4.10E-05	-0.5
4.11E-05	-1	4.11E-05	-0.5
4.12E-05	-1	4.12E-05	-0.54
4.13E-05	-1	4.13E-05	-0.54
4.14E-05	-0.96	4.14E-05	-0.54
4.15E-05	-0.96	4.15E-05	-0.5
4.16E-05	-0.96	4.16E-05	-0.56
4.17E-05	-0.96	4.17E-05	-0.52
4.18E-05	-1	4.18E-05	-0.52
4.19E-05	-1	4.19E-05	-0.54
4.20E-05	-0.96	4.20E-05	-0.54
4.21E-05	-0.96	4.21E-05	-0.54
4.22E-05	-0.96	4.22E-05	-0.56
4.23E-05	-0.96	4.23E-05	-0.54
4.24E-05	-0.96	4.24E-05	-0.54
4.25E-05	-0.96	4.25E-05	-0.54
4.26E-05	-1	4.26E-05	-0.56
4.27E-05	-1	4.27E-05	-0.54
4.28E-05	-0.96	4.28E-05	-0.56
4.29E-05	-0.96	4.29E-05	-0.54
4.30E-05	-0.92	4.30E-05	-0.56
4.31E-05	-1	4.31E-05	-0.56
4.32E-05	-0.96	4.32E-05	-0.56
4.33E-05	-1	4.33E-05	-0.58
4.34E-05	-0.96	4.34E-05	-0.58
4.35E-05	-0.96	4.35E-05	-0.56
4.36E-05	-1	4.36E-05	-0.6
4.37E-05	-0.96	4.37E-05	-0.56
4.38E-05	-0.96	4.38E-05	-0.58
4.39E-05	-1	4.39E-05	-0.6
4.40E-05	-0.96	4.40E-05	-0.58
4.41E-05	-0.96	4.41E-05	-0.56
4.42E-05	-1	4.42E-05	-0.58
4.43E-05	-1	4.43E-05	-0.58
4.44E-05	-0.96	4.44E-05	-0.6
4.45E-05	-0.96	4.45E-05	-0.58
4.46E-05	-0.96	4.46E-05	-0.6
4.47E-05	-1	4.47E-05	-0.58
4.48E-05	-0.96	4.48E-05	-0.6
4.49E-05	-0.96	4.49E-05	-0.58
4.50E-05	-0.96	4.50E-05	-0.6
4.51E-05	-1	4.51E-05	-0.58
4.52E-05	-1	4.52E-05	-0.6
4.53E-05	-1	4.53E-05	-0.6
4.54E-05	-1	4.54E-05	-0.58
4.55E-05	-0.96	4.55E-05	-0.6
4.56E-05	-0.92	4.56E-05	-0.62
4.57E-05	-0.96	4.57E-05	-0.6
4.58E-05	-0.92	4.58E-05	-0.62
4.59E-05	-1	4.59E-05	-0.6
4.60E-05	-1.04	4.60E-05	-0.62
4.61E-05	-1	4.61E-05	-0.6
4.62E-05	-0.96	4.62E-05	-0.62
4.63E-05	-0.96	4.63E-05	-0.62
4.64E-05	-0.96	4.64E-05	-0.62
4.65E-05	-0.96	4.65E-05	-0.64
4.66E-05	-0.96	4.66E-05	-0.62
4.67E-05	-1	4.67E-05	-0.62
4.68E-05	-1	4.68E-05	-0.62
4.69E-05	-1	4.69E-05	-0.62
4.70E-05	-1	4.70E-05	-0.62
4.71E-05	-0.96	4.71E-05	-0.62
4.72E-05	-1	4.72E-05	-0.66
4.73E-05	-0.96	4.73E-05	-0.64
4.74E-05	-0.96	4.74E-05	-0.64
4.75E-05	-0.96	4.75E-05	-0.62
4.76E-05	-1	4.76E-05	-0.64
4.77E-05	-0.96	4.77E-05	-0.64
4.78E-05	-1	4.78E-05	-0.64
4.79E-05	-1	4.79E-05	-0.64
4.80E-05	-0.96	4.80E-05	-0.66
4.81E-05	-1	4.81E-05	-0.66
4.82E-05	-0.96	4.82E-05	-0.68
4.83E-05	-1	4.83E-05	-0.66
4.84E-05	-1	4.84E-05	-0.64
4.85E-05	-1	4.85E-05	-0.66
4.86E-05	-1	4.86E-05	-0.64
4.87E-05	-1	4.87E-05	-0.66
4.88E-05	-1	4.88E-05	-0.66
4.89E-05	-0.96	4.89E-05	-0.66
4.90E-05	-0.96	4.90E-05	-0.66
4.91E-05	-0.96	4.91E-05	-0.66
4.92E-05	-1	4.92E-05	-0.68
4.93E-05	-0.96	4.93E-05	-0.66
4.94E-05	-0.96	4.94E-05	-0.66
4.95E-05	-1	4.95E-05	-0.66
4.96E-05	-0.96	4.96E-05	-0.68
4.97E-05	-0.96	4.97E-05	-0.7
4.98E-05	-1	4.98E-05	-0.68
4.99E-05	-0.96	4.99E-05	-0.68
5.00E-05	-0.96	5.00E-05	-0.68
5.01E-05	-1.04	5.01E-05	-0.68
5.02E-05	-0.96	5.02E-05	-0.7
5.03E-05	-0.96	5.03E-05	-0.68
5.04E-05	-0.96	5.04E-05	-0.68
5.05E-05	-1	5.05E-05	-0.68
5.06E-05	-1	5.06E-05	-0.66
5.07E-05	-1	5.07E-05	-0.68
5.08E-05	-1	5.08E-05	-0.68
5.09E-05	-0.96	5.09E-05	-0.7
5.10E-05	-0.96	5.10E-05	-0.7
5.11E-05	-1	5.11E-05	-0.7
5.12E-05	-1	5.12E-05	-0.68
5.13E-05	-0.96	5.13E-05	-0.7
5.14E-05	-1	5.14E-05	-0.68
5.15E-05	-0.96	5.15E-05	-0.7
5.16E-05	-0.96	5.16E-05	-0.68
5.17E-05	-1	5.17E-05	-0.7
5.18E-05	-1	5.18E-05	-0.7
5.19E-05	-1	5.19E-05	-0.7
5.20E-05	-0.96	5.20E-05	-0.72
5.21E-05	-1	5.21E-05	-0.72
5.22E-05	-0.96	5.22E-05	-0.7
5.23E-05	-1	5.23E-05	-0.72
5.24E-05	-0.92	5.24E-05	-0.72
5.25E-05	-1	5.25E-05	-0.68
5.26E-05	-0.96	5.26E-05	-0.72
5.27E-05	-1	5.27E-05	-0.7
5.28E-05	-0.96	5.28E-05	-0.7
5.29E-05	-1	5.29E-05	-0.72
5.30E-05	-0.96	5.30E-05	-0.7
5.31E-05	-0.92	5.31E-05	-0.72
5.32E-05	-1	5.32E-05	-0.72
5.33E-05	-0.96	5.33E-05	-0.74
5.34E-05	-1	5.34E-05	-0.7
5.35E-05	-1	5.35E-05	-0.7
5.36E-05	-0.96	5.36E-05	-0.72
5.37E-05	-1	5.37E-05	-0.7
5.38E-05	-1	5.38E-05	-0.74
5.39E-05	-0.96	5.39E-05	-0.72
5.40E-05	-1	5.40E-05	-0.72
5.41E-05	-1	5.41E-05	-0.72
5.42E-05	-1	5.42E-05	-0.74
5.43E-05	-1	5.43E-05	-0.72
5.44E-05	-1	5.44E-05	-0.72
5.45E-05	-0.96	5.45E-05	-0.72
5.46E-05	-0.96	5.46E-05	-0.72
5.47E-05	-0.96	5.47E-05	-0.72
5.48E-05	-0.96	5.48E-05	-0.72
5.49E-05	-1	5.49E-05	-0.74
5.50E-05	-0.96	5.50E-05	-0.76
5.51E-05	-1	5.51E-05	-0.74
5.52E-05	-1.04	5.52E-05	-0.74
5.53E-05	-1	5.53E-05	-0.74
5.54E-05	-1	5.54E-05	-0.72
5.55E-05	-0.92	5.55E-05	-0.74
5.56E-05	-1	5.56E-05	-0.76
5.57E-05	-1	5.57E-05	-0.72
5.58E-05	-0.96	5.58E-05	-0.74
5.59E-05	-1	5.59E-05	-0.74
5.60E-05	-1	5.60E-05	-0.74
5.61E-05	-1	5.61E-05	-0.74
5.62E-05	-1	5.62E-05	-0.76
5.63E-05	-1	5.63E-05	-0.76
5.64E-05	-1	5.64E-05	-0.74
5.65E-05	-0.96	5.65E-05	-0.76
5.66E-05	-0.92	5.66E-05	-0.74
5.67E-05	-1	5.67E-05	-0.74
5.68E-05	-1	5.68E-05	-0.76
5.69E-05	-0.96	5.69E-05	-0.76
5.70E-05	-0.92	5.70E-05	-0.74
5.71E-05	-1	5.71E-05	-0.76
5.72E-05	-0.96	5.72E-05	-0.74
5.73E-05	-0.96	5.73E-05	-0.76
5.74E-05	-1.04	5.74E-05	-0.76
5.75E-05	-1.04	5.75E-05	-0.72
5.76E-05	-1	5.76E-05	-0.76
5.77E-05	-1	5.77E-05	-0.76
5.78E-05	-1	5.78E-05	-0.76
5.79E-05	-0.96	5.79E-05	-0.76
5.80E-05	-1.04	5.80E-05	-0.76
5.81E-05	-0.96	5.81E-05	-0.76
5.82E-05	-0.96	5.82E-05	-0.76
5.83E-05	-1	5.83E-05	-0.74
5.84E-05	-0.96	5.84E-05	-0.76
5.85E-05	-0.96	5.85E-05	-0.78
5.86E-05	-0.96	5.86E-05	-0.78
5.87E-05	-1	5.87E-05	-0.78
5.88E-05	-1	5.88E-05	-0.78
5.89E-05	-1	5.89E-05	-0.76
5.90E-05	-1	5.90E-05	-0.76
5.91E-05	-1	5.91E-05	-0.76
5.92E-05	-1	5.92E-05	-0.78
5.93E-05	-0.96	5.93E-05	-0.78
5.94E-05	-1	5.94E-05	-0.78
5.95E-05	-0.96	5.95E-05	-0.76
5.96E-05	-0.96	5.96E-05	-0.78
5.97E-05	-0.96	5.97E-05	-0.76
5.98E-05	-1	5.98E-05	-0.78
5.99E-05	-1	5.99E-05	-0.8
6.00E-05	-1	6.00E-05	-0.78
6.01E-05	-1	6.01E-05	-0.8
6.02E-05	-0.96	6.02E-05	-0.78
6.03E-05	-1	6.03E-05	-0.76
6.04E-05	-0.96	6.04E-05	-0.78
6.05E-05	-1	6.05E-05	-0.78
6.06E-05	-1	6.06E-05	-0.78
6.07E-05	-1	6.07E-05	-0.82
6.08E-05	-1	6.08E-05	-0.82
6.09E-05	-0.96	6.09E-05	-0.8
6.10E-05	-0.96	6.10E-05	-0.78
6.11E-05	-1	6.11E-05	-0.78
6.12E-05	-0.96	6.12E-05	-0.8
6.13E-05	-1	6.13E-05	-0.8
6.14E-05	-0.96	6.14E-05	-0.8
6.15E-05	-0.96	6.15E-05	-0.78
6.16E-05	-1	6.16E-05	-0.8
6.17E-05	-0.96	6.17E-05	-0.78
6.18E-05	-1	6.18E-05	-0.8
6.19E-05	-0.96	6.19E-05	-0.8
6.20E-05	-0.96	6.20E-05	-0.78
6.21E-05	-1	6.21E-05	-0.8
6.22E-05	-1	6.22E-05	-0.8
6.23E-05	-0.96	6.23E-05	-0.8
6.24E-05	-0.96	6.24E-05	-0.8
6.25E-05	1.04	6.25E-05	-0.68
6.26E-05	1.08	6.26E-05	-0.78
6.27E-05	1.08	6.27E-05	-0.76
6.28E-05	1.04	6.28E-05	-0.78
6.29E-05	1.08	6.29E-05	-0.78
6.30E-05	1.08	6.30E-05	-0.76
6.31E-05	1.08	6.31E-05	-0.76
6.32E-05	1.04	6.32E-05	-0.74
6.33E-05	1.08	6.33E-05	-0.72
6.34E-05	1.08	6.34E-05	-0.72
6.35E-05	1.04	6.35E-05	-0.74
6.36E-05	1.04	6.36E-05	-0.72
6.37E-05	1.04	6.37E-05	-0.72
6.38E-05	1.08	6.38E-05	-0.7
6.39E-05	1.04	6.39E-05	-0.7
6.40E-05	1.04	6.40E-05	-0.68
6.41E-05	1.04	6.41E-05	-0.66
6.42E-05	1.04	6.42E-05	-0.66
6.43E-05	1.04	6.43E-05	-0.64
6.44E-05	1.08	6.44E-05	-0.64
6.45E-05	1.04	6.45E-05	-0.64
6.46E-05	1.04	6.46E-05	-0.64
6.47E-05	1.04	6.47E-05	-0.62
6.48E-05	1.04	6.48E-05	-0.62
6.49E-05	1.04	6.49E-05	-0.6
6.50E-05	1.08	6.50E-05	-0.6
6.51E-05	1.04	6.51E-05	-0.6
6.52E-05	1.04	6.52E-05	-0.6
6.53E-05	1.08	6.53E-05	-0.56
6.54E-05	1.08	6.54E-05	-0.58
6.55E-05	1.04	6.55E-05	-0.56
6.56E-05	1.08	6.56E-05	-0.58
6.57E-05	1.04	6.57E-05	-0.58
6.58E-05	1.08	6.58E-05	-0.54
6.59E-05	1.04	6.59E-05	-0.54
6.60E-05	1.08	6.60E-05	-0.54
6.61E-05	1.04	6.61E-05	-0.52
6.62E-05	1.12	6.62E-05	-0.52
6.63E-05	1.04	6.63E-05	-0.52
6.64E-05	1.08	6.64E-05	-0.5
6.65E-05	1.08	6.65E-05	-0.5
6.66E-05	1.04	6.66E-05	-0.48
6.67E-05	1.08	6.67E-05	-0.48
6.68E-05	1.04	6.68E-05	-0.46
6.69E-05	1.08	6.69E-05	-0.44
6.70E-05	1.04	6.70E-05	-0.46
6.71E-05	1.08	6.71E-05	-0.46
6.72E-05	1.08	6.72E-05	-0.44
6.73E-05	1.08	6.73E-05	-0.44
6.74E-05	1.08	6.74E-05	-0.44
6.75E-05	1.08	6.75E-05	-0.42
6.76E-05	1.08	6.76E-05	-0.44
6.77E-05	1.08	6.77E-05	-0.4
6.78E-05	1.08	6.78E-05	-0.42
6.79E-05	1.12	6.79E-05	-0.38
6.80E-05	1.08	6.80E-05	-0.38
6.81E-05	1.08	6.81E-05	-0.42
6.82E-05	1.08	6.82E-05	-0.38
6.83E-05	1.04	6.83E-05	-0.36
6.84E-05	1.08	6.84E-05	-0.38
6.85E-05	1.08	6.85E-05	-0.34
6.86E-05	1.08	6.86E-05	-0.34
6.87E-05	1.04	6.87E-05	-0.36
6.88E-05	1.04	6.88E-05	-0.34
6.89E-05	1.04	6.89E-05	-0.34
6.90E-05	1.04	6.90E-05	-0.34
6.91E-05	1.08	6.91E-05	-0.32
6.92E-05	1.08	6.92E-05	-0.32
6.93E-05	1.08	6.93E-05	-0.32
6.94E-05	1.08	6.94E-05	-0.3
6.95E-05	1.08	6.95E-05	-0.32
6.96E-05	1.08	6.96E-05	-0.3
6.97E-05	1.08	6.97E-05	-0.3
6.98E-05	1.08	6.98E-05	-0.26
6.99E-05	1.04	6.99E-05	-0.28
7.00E-05	1.04	7.00E-05	-0.28
7.01E-05	1.08	7.01E-05	-0.26
7.02E-05	1.08	7.02E-05	-0.26
7.03E-05	1.08	7.03E-05	-0.26
7.04E-05	1.04	7.04E-05	-0.24
7.05E-05	1.04	7.05E-05	-0.22
7.06E-05	1.04	7.06E-05	-0.26
7.07E-05	1.08	7.07E-05	-0.26
7.08E-05	1.04	7.08E-05	-0.22
7.09E-05	1.04	7.09E-05	-0.22
7.10E-05	1.08	7.10E-05	-0.2
7.11E-05	1.08	7.11E-05	-0.2
7.12E-05	1.08	7.12E-05	-0.18
7.13E-05	1.08	7.13E-05	-0.18
7.14E-05	1.08	7.14E-05	-0.18
7.15E-05	1.04	7.15E-05	-0.16
7.16E-05	1.04	7.16E-05	-0.2
7.17E-05	1.08	7.17E-05	-0.18
7.18E-05	1.08	7.18E-05	-0.18
7.19E-05	1.08	7.19E-05	-0.14
7.20E-05	1.04	7.20E-05	-0.16
7.21E-05	1.04	7.21E-05	-0.14
7.22E-05	1.08	7.22E-05	-0.12
7.23E-05	1.04	7.23E-05	-0.12
7.24E-05	1.04	7.24E-05	-0.14
7.25E-05	1.08	7.25E-05	-0.14
7.26E-05	1.08	7.26E-05	-0.12
7.27E-05	1.08	7.27E-05	-0.12
7.28E-05	1.08	7.28E-05	-0.12
7.29E-05	1.08	7.29E-05	-0.1
7.30E-05	1.04	7.30E-05	-0.1
7.31E-05	1.08	7.31E-05	-0.12
7.32E-05	1.08	7.32E-05	-0.1
7.33E-05	1.08	7.33E-05	-0.1
7.34E-05	1.04	7.34E-05	-0.1
7.35E-05	1.04	7.35E-05	-0.1
7.36E-05	1.04	7.36E-05	-0.08
7.37E-05	1.04	7.37E-05	-0.1
7.38E-05	1.08	7.38E-05	-0.08
7.39E-05	1.08	7.39E-05	-0.08
7.40E-05	1.08	7.40E-05	-0.04
7.41E-05	1.08	7.41E-05	-0.04
7.42E-05	1.04	7.42E-05	-0.04
7.43E-05	1.08	7.43E-05	-0.04
7.44E-05	1.08	7.44E-05	-0.04
7.45E-05	1.08	7.45E-05	-0.04
7.46E-05	1.08	7.46E-05	-0.02
7.47E-05	1.08	7.47E-05	-0.06
7.48E-05	1.04	7.48E-05	-0.02
7.49E-05	1.08	7.49E-05	-0.02
7.50E-05	1.04	7.50E-05	-0.02
7.51E-05	1.08	7.51E-05	0
7.52E-05	1.04	7.52E-05	0
7.53E-05	1.08	7.53E-05	0
7.54E-05	1.12	7.54E-05	0
7.55E-05	1.08	7.55E-05	0
7.56E-05	1.04	7.56E-05	0.02
7.57E-05	1.08	7.57E-05	0.02
7.58E-05	1.08	7.58E-05	0.04
7.59E-05	1.08	7.59E-05	0.04
7.60E-05	1.08	7.60E-05	0.02
7.61E-05	1.04	7.61E-05	0.02
7.62E-05	1.08	7.62E-05	0.04
7.63E-05	1.12	7.63E-05	0.06
7.64E-05	1.08	7.64E-05	0.06
7.65E-05	1.04	7.65E-05	0.04
7.66E-05	1.04	7.66E-05	0.04
7.67E-05	1.08	7.67E-05	0.06
7.68E-05	1.04	7.68E-05	0.1
7.69E-05	1.04	7.69E-05	0.08
7.70E-05	1.04	7.70E-05	0.08
7.71E-05	1.04	7.71E-05	0.08
7.72E-05	1.08	7.72E-05	0.08
7.73E-05	1.12	7.73E-05	0.08
7.74E-05	1.08	7.74E-05	0.1
7.75E-05	1.08	7.75E-05	0.1
7.76E-05	1.08	7.76E-05	0.12
7.77E-05	1.08	7.77E-05	0.1
7.78E-05	1.08	7.78E-05	0.14
7.79E-05	1.08	7.79E-05	0.12
7.80E-05	1.04	7.80E-05	0.12
7.81E-05	1.08	7.81E-05	0.12
7.82E-05	1.04	7.82E-05	0.14
7.83E-05	1.08	7.83E-05	0.12
7.84E-05	1.08	7.84E-05	0.12
7.85E-05	1.04	7.85E-05	0.14
7.86E-05	1.04	7.86E-05	0.12
7.87E-05	1.08	7.87E-05	0.14
7.88E-05	1.08	7.88E-05	0.16
7.89E-05	1.08	7.89E-05	0.16
7.90E-05	1.04	7.90E-05	0.16
7.91E-05	1.08	7.91E-05	0.18
7.92E-05	1.08	7.92E-05	0.16
7.93E-05	1.08	7.93E-05	0.16
7.94E-05	1.08	7.94E-05	0.16
7.95E-05	1.08	7.95E-05	0.18
7.96E-05	1.04	7.96E-05	0.16
7.97E-05	1.04	7.97E-05	0.18
7.98E-05	1.04	7.98E-05	0.18
7.99E-05	1.04	7.99E-05	0.18
8.00E-05	1.04	8.00E-05	0.18
8.01E-05	1.08	8.01E-05	0.2
8.02E-05	1.12	8.02E-05	0.2
8.03E-05	1.04	8.03E-05	0.22
8.04E-05	1.04	8.04E-05	0.22
8.05E-05	1.04	8.05E-05	0.22
8.06E-05	1.04	8.06E-05	0.22
8.07E-05	1.12	8.07E-05	0.22
8.08E-05	1.04	8.08E-05	0.22
8.09E-05	1.08	8.09E-05	0.22
8.10E-05	1.04	8.10E-05	0.24
8.11E-05	1.12	8.11E-05	0.24
8.12E-05	1.12	8.12E-05	0.26
8.13E-05	1.04	8.13E-05	0.26
8.14E-05	1.04	8.14E-05	0.26
8.15E-05	1.04	8.15E-05	0.26
8.16E-05	1.04	8.16E-05	0.26
8.17E-05	1.08	8.17E-05	0.24
8.18E-05	1.04	8.18E-05	0.28
8.19E-05	1.08	8.19E-05	0.28
8.20E-05	1.08	8.20E-05	0.26
8.21E-05	1.04	8.21E-05	0.3
8.22E-05	1.04	8.22E-05	0.26
8.23E-05	1.04	8.23E-05	0.28
8.24E-05	1.04	8.24E-05	0.28
8.25E-05	1.08	8.25E-05	0.3
8.26E-05	1.08	8.26E-05	0.28
8.27E-05	1.12	8.27E-05	0.3
8.28E-05	1.08	8.28E-05	0.3
8.29E-05	1.12	8.29E-05	0.3
8.30E-05	1	8.30E-05	0.32
8.31E-05	1.08	8.31E-05	0.28
8.32E-05	1.08	8.32E-05	0.32
8.33E-05	1.04	8.33E-05	0.3
8.34E-05	1.08	8.34E-05	0.3
8.35E-05	1.04	8.35E-05	0.32
8.36E-05	1.08	8.36E-05	0.32
8.37E-05	1.08	8.37E-05	0.32
8.38E-05	1.04	8.38E-05	0.34
8.39E-05	1.08	8.39E-05	0.32
8.40E-05	1.04	8.40E-05	0.34
8.41E-05	1.08	8.41E-05	0.34
8.42E-05	1.04	8.42E-05	0.36
8.43E-05	1.08	8.43E-05	0.34
8.44E-05	1.08	8.44E-05	0.34
8.45E-05	1.08	8.45E-05	0.34
8.46E-05	1.04	8.46E-05	0.32
8.47E-05	1.08	8.47E-05	0.34
8.48E-05	1.08	8.48E-05	0.34
8.49E-05	1.08	8.49E-05	0.34
8.50E-05	1.04	8.50E-05	0.34
8.51E-05	1.08	8.51E-05	0.36
8.52E-05	1.08	8.52E-05	0.36
8.53E-05	1.04	8.53E-05	0.38
8.54E-05	1.08	8.54E-05	0.36
8.55E-05	1.04	8.55E-05	0.38
8.56E-05	1.08	8.56E-05	0.36
8.57E-05	1.08	8.57E-05	0.38
8.58E-05	1.08	8.58E-05	0.4
8.59E-05	1.08	8.59E-05	0.38
8.60E-05	1.08	8.60E-05	0.4
8.61E-05	1.08	8.61E-05	0.4
8.62E-05	1.08	8.62E-05	0.4
8.63E-05	1.08	8.63E-05	0.4
8.64E-05	1.04	8.64E-05	0.4
8.65E-05	1.04	8.65E-05	0.4
8.66E-05	1.08	8.66E-05	0.4
8.67E-05	1.08	8.67E-05	0.4
8.68E-05	1.08	8.68E-05	0.42
8.69E-05	1.08	8.69E-05	0.4
8.70E-05	1.08	8.70E-05	0.44
8.71E-05	1.08	8.71E-05	0.42
8.72E-05	1.08	8.72E-05	0.4
8.73E-05	1.08	8.73E-05	0.42
8.74E-05	1.08	8.74E-05	0.42
8.75E-05	1.08	8.75E-05	0.44
8.76E-05	1.12	8.76E-05	0.44
8.77E-05	1.08	8.77E-05	0.44
8.78E-05	1.12	8.78E-05	0.42
8.79E-05	1.08	8.79E-05	0.44
8.80E-05	1.08	8.80E-05	0.46
8.81E-05	1.04	8.81E-05	0.48
8.82E-05	1.04	8.82E-05	0.44
8.83E-05	1.08	8.83E-05	0.44
8.84E-05	1.04	8.84E-05	0.46
8.85E-05	1.08	8.85E-05	0.44
8.86E-05	1.04	8.86E-05	0.46
8.87E-05	1.08	8.87E-05	0.46
8.88E-05	1.04	8.88E-05	0.48
8.89E-05	1.08	8.89E-05	0.48
8.90E-05	1.04	8.90E-05	0.46
8.91E-05	1.04	8.91E-05	0.46
8.92E-05	1.04	8.92E-05	0.46
8.93E-05	1.04	8.93E-05	0.46
8.94E-05	1.08	8.94E-05	0.48
8.95E-05	1.08	8.95E-05	0.5
8.96E-05	1.08	8.96E-05	0.5
8.97E-05	1.04	8.97E-05	0.46
8.98E-05	1.04	8.98E-05	0.48
8.99E-05	1.08	8.99E-05	0.5
9.00E-05	1.04	9.00E-05	0.48
9.01E-05	1.08	9.01E-05	0.48
9.02E-05	1.08	9.02E-05	0.5
9.03E-05	1.04	9.03E-05	0.5
9.04E-05	1.08	9.04E-05	0.46
9.05E-05	1.08	9.05E-05	0.48
9.06E-05	1.04	9.06E-05	0.5
9.07E-05	1.12	9.07E-05	0.48
9.08E-05	1.08	9.08E-05	0.5
9.09E-05	1.12	9.09E-05	0.5
9.10E-05	1.08	9.10E-05	0.52
9.11E-05	1.08	9.11E-05	0.5
9.12E-05	1.08	9.12E-05	0.5
9.13E-05	1.04	9.13E-05	0.52
9.14E-05	1.08	9.14E-05	0.5
9.15E-05	1.08	9.15E-05	0.52
9.16E-05	1.08	9.16E-05	0.5
9.17E-05	1.04	9.17E-05	0.54
9.18E-05	1.08	9.18E-05	0.5
9.19E-05	1.04	9.19E-05	0.52
9.20E-05	1.08	9.20E-05	0.54
9.21E-05	1.08	9.21E-05	0.52
9.22E-05	1.04	9.22E-05	0.52
9.23E-05	1.08	9.23E-05	0.52
9.24E-05	1.08	9.24E-05	0.52
9.25E-05	1.08	9.25E-05	0.54
9.26E-05	1.12	9.26E-05	0.54
9.27E-05	1.08	9.27E-05	0.54
9.28E-05	1.12	9.28E-05	0.56
9.29E-05	1.04	9.29E-05	0.52
9.30E-05	1	9.30E-05	0.52
9.31E-05	1.08	9.31E-05	0.54
9.32E-05	1.08	9.32E-05	0.54
9.33E-05	1.12	9.33E-05	0.56
9.34E-05	1.08	9.34E-05	0.54
9.35E-05	1.04	9.35E-05	0.54
9.36E-05	1.08	9.36E-05	0.58
9.37E-05	1.04	9.37E-05	0.56
9.38E-05	1.04	9.38E-05	0.56
9.39E-05	1.04	9.39E-05	0.58
9.40E-05	1.04	9.40E-05	0.56
9.41E-05	1.08	9.41E-05	0.56
9.42E-05	1.04	9.42E-05	0.56
9.43E-05	1.04	9.43E-05	0.58
9.44E-05	1.04	9.44E-05	0.58
9.45E-05	1.08	9.45E-05	0.58
9.46E-05	1.04	9.46E-05	0.56
9.47E-05	1.04	9.47E-05	0.56
9.48E-05	1.08	9.48E-05	0.58
9.49E-05	1.08	9.49E-05	0.6
9.50E-05	1.08	9.50E-05	0.6
9.51E-05	1.08	9.51E-05	0.6
9.52E-05	1.08	9.52E-05	0.56
9.53E-05	1.04	9.53E-05	0.56
9.54E-05	1.04	9.54E-05	0.58
9.55E-05	1.04	9.55E-05	0.58
9.56E-05	1.04	9.56E-05	0.62
9.57E-05	1.08	9.57E-05	0.6
9.58E-05	1.12	9.58E-05	0.58
9.59E-05	1.12	9.59E-05	0.62
9.60E-05	1.08	9.60E-05	0.6
9.61E-05	1.04	9.61E-05	0.6
9.62E-05	1.08	9.62E-05	0.58
9.63E-05	1.08	9.63E-05	0.62
9.64E-05	1.04	9.64E-05	0.6
9.65E-05	1.08	9.65E-05	0.62
9.66E-05	1.04	9.66E-05	0.62
9.67E-05	1.04	9.67E-05	0.6
9.68E-05	1.04	9.68E-05	0.62
9.69E-05	1.04	9.69E-05	0.6
9.70E-05	1.08	9.70E-05	0.6
9.71E-05	1.04	9.71E-05	0.62
9.72E-05	1.12	9.72E-05	0.62
9.73E-05	1.04	9.73E-05	0.6
9.74E-05	1.12	9.74E-05	0.62
9.75E-05	1.08	9.75E-05	0.64
9.76E-05	1.08	9.76E-05	0.6
9.77E-05	1.04	9.77E-05	0.62
9.78E-05	1.04	9.78E-05	0.64
9.79E-05	1.04	9.79E-05	0.64
9.80E-05	1.04	9.80E-05	0.64
9.81E-05	1.04	9.81E-05	0.62
9.82E-05	1.04	9.82E-05	0.64
9.83E-05	1.04	9.83E-05	0.66
9.84E-05	1.08	9.84E-05	0.64
9.85E-05	1	9.85E-05	0.64
9.86E-05	1.08	9.86E-05	0.64
9.87E-05	1.04	9.87E-05	0.66
9.88E-05	1.08	9.88E-05	0.64
9.89E-05	1.08	9.89E-05	0.62
9.90E-05	1.04	9.90E-05	0.62
9.91E-05	1.04	9.91E-05	0.62
9.92E-05	1.08	9.92E-05	0.64
9.93E-05	1.08	9.93E-05	0.66
9.94E-05	1.04	9.94E-05	0.64
9.95E-05	1.08	9.95E-05	0.64
9.96E-05	1.04	9.96E-05	0.64
9.97E-05	1.08	9.97E-05	0.66
9.98E-05	1.08	9.98E-05	0.66
9.99E-05	1.08	9.99E-05	0.64
0.0001	1.12	0.0001	0.64
0.0001	1.08	0.0001	0.66
0.0001	1.08	0.0001	0.66
0.0001	1.04	0.0001	0.66
0.0001	1.08	0.0001	0.68
0.0001	1.04	0.0001	0.68
0.000101	1.04	0.000101	0.66
0.000101	1.08	0.000101	0.7
0.000101	1.04	0.000101	0.66
0.000101	1.08	0.000101	0.66
0.000101	1.08	0.000101	0.68
0.000101	1.08	0.000101	0.68
0.000101	1.04	0.000101	0.7
0.000101	1.04	0.000101	0.66
0.000101	1	0.000101	0.68
0.000102	1.08	0.000102	0.68
0.000102	1.04	0.000102	0.66
0.000102	1.08	0.000102	0.68
0.000102	1.08	0.000102	0.68
0.000102	1.12	0.000102	0.68
0.000102	1.04	0.000102	0.66
0.000102	1.08	0.000102	0.68
0.000102	1.12	0.000102	0.7
0.000102	1.04	0.000102	0.68
0.000102	1.04	0.000102	0.68
0.000102	1.08	0.000102	0.68
0.000103	1.08	0.000103	0.7
0.000103	1.04	0.000103	0.7
0.000103	1.04	0.000103	0.7
0.000103	1.08	0.000103	0.68
0.000103	1.04	0.000103	0.7
0.000103	1.08	0.000103	0.7
0.000103	1.04	0.000103	0.68
0.000103	1.08	0.000103	0.68
0.000103	1.08	0.000103	0.72
0.000103	1.04	0.000103	0.7
0.000104	1.04	0.000104	0.72
0.000104	1.08	0.000104	0.72
0.000104	1.08	0.000104	0.7
0.000104	1.08	0.000104	0.7
0.000104	1.04	0.000104	0.7
0.000104	1.08	0.000104	0.7
0.000104	1.08	0.000104	0.7
0.000104	1.08	0.000104	0.74
0.000104	1.08	0.000104	0.7
0.000104	1.04	0.000104	0.7
0.000105	1.08	0.000105	0.72
0.000105	1.08	0.000105	0.72
0.000105	1.04	0.000105	0.72
0.000105	1.04	0.000105	0.72
0.000105	1.08	0.000105	0.72
0.000105	1.08	0.000105	0.72
0.000105	1.08	0.000105	0.72
0.000105	1.04	0.000105	0.72
0.000105	1.08	0.000105	0.72
0.000105	1.04	0.000105	0.74
0.000106	1.12	0.000106	0.76
0.000106	1.08	0.000106	0.74
0.000106	1.08	0.000106	0.74
0.000106	1.04	0.000106	0.72
0.000106	1.08	0.000106	0.74
0.000106	1.04	0.000106	0.74
0.000106	1.04	0.000106	0.74
0.000106	1.04	0.000106	0.72
0.000106	1.08	0.000106	0.74
0.000107	1.04	0.000107	0.72
0.000107	1.04	0.000107	0.74
0.000107	1.12	0.000107	0.74
0.000107	1.08	0.000107	0.76
0.000107	1.04	0.000107	0.72
0.000107	1.12	0.000107	0.76
0.000107	1.08	0.000107	0.76
0.000107	1.04	0.000107	0.72
0.000107	1.04	0.000107	0.76
0.000107	1.08	0.000107	0.78
0.000107	1.08	0.000107	0.76
0.000108	1.08	0.000108	0.74
0.000108	1.08	0.000108	0.74
0.000108	1	0.000108	0.74
0.000108	1.04	0.000108	0.76
0.000108	1.08	0.000108	0.76
0.000108	1.08	0.000108	0.78
0.000108	1.08	0.000108	0.74
0.000108	1.08	0.000108	0.74
0.000108	1.08	0.000108	0.76
0.000108	1.08	0.000108	0.78
0.000109	1.04	0.000109	0.74
0.000109	1.04	0.000109	0.76
0.000109	1.08	0.000109	0.78
0.000109	1.12	0.000109	0.74
0.000109	1.08	0.000109	0.74
0.000109	1.08	0.000109	0.72
0.000109	1.08	0.000109	0.78
0.000109	1.08	0.000109	0.74
0.000109	1.08	0.000109	0.76
0.000109	1.04	0.000109	0.76
0.00011	1.04	0.00011	0.76
0.00011	1.08	0.00011	0.74
0.00011	1.04	0.00011	0.76
0.00011	1.08	0.00011	0.74
0.00011	1.12	0.00011	0.78
0.00011	1.04	0.00011	0.76
0.00011	1	0.00011	0.76
0.00011	1.08	0.00011	0.8
0.00011	1.04	0.00011	0.76
0.00011	1.04	0.00011	0.76
0.000111	1.12	0.000111	0.8
0.000111	1.12	0.000111	0.78
0.000111	1.04	0.000111	0.78
0.000111	1.08	0.000111	0.76
0.000111	1.08	0.000111	0.78
0.000111	1.08	0.000111	0.76
0.000111	1.04	0.000111	0.78
0.000111	1.04	0.000111	0.8
0.000111	1.04	0.000111	0.78
0.000111	1.12	0.000111	0.8
0.000112	1.04	0.000112	0.78
0.000112	1.08	0.000112	0.78
0.000112	1.08	0.000112	0.78
0.000112	1.08	0.000112	0.78
0.000112	1.08	0.000112	0.78
0.000112	1.04	0.000112	0.78
0.000112	1.08	0.000112	0.8
0.000112	1.04	0.000112	0.76
0.000112	1.08	0.000112	0.78
0.000112	-0.96	0.000112	0.66
0.000113	-1	0.000113	0.74
0.000113	-0.96	0.000113	0.76
0.000113	-0.96	0.000113	0.76
0.000113	-1	0.000113	0.74
0.000113	-0.96	0.000113	0.74
0.000113	-0.92	0.000113	0.74
0.000113	-0.96	0.000113	0.72
0.000113	-0.96	0.000113	0.74
0.000113	-0.92	0.000113	0.74
0.000113	-0.96	0.000113	0.72
0.000114	-0.96	0.000114	0.7
0.000114	-0.96	0.000114	0.68
0.000114	-0.96	0.000114	0.68
0.000114	-0.96	0.000114	0.68
0.000114	-0.96	0.000114	0.66
0.000114	-0.96	0.000114	0.64
0.000114	-0.96	0.000114	0.66
0.000114	-0.96	0.000114	0.64
0.000114	-0.96	0.000114	0.64
0.000114	-0.96	0.000114	0.62
0.000115	-0.96	0.000115	0.62
0.000115	-0.96	0.000115	0.62
0.000115	-1	0.000115	0.6
0.000115	-0.92	0.000115	0.6
0.000115	-0.92	0.000115	0.58
0.000115	-0.92	0.000115	0.58
0.000115	-0.96	0.000115	0.58
0.000115	-0.96	0.000115	0.58
0.000115	-1	0.000115	0.56
0.000115	-0.96	0.000115	0.54
0.000116	-0.96	0.000116	0.52
0.000116	-0.96	0.000116	0.54
0.000116	-0.96	0.000116	0.54
0.000116	-0.92	0.000116	0.52
0.000116	-0.96	0.000116	0.52
0.000116	-1	0.000116	0.52
0.000116	-0.96	0.000116	0.48
0.000116	-0.92	0.000116	0.5
0.000116	-0.96	0.000116	0.48
0.000116	-0.96	0.000116	0.46
0.000117	-0.96	0.000117	0.46
0.000117	-0.92	0.000117	0.46
0.000117	-0.96	0.000117	0.46
0.000117	-0.96	0.000117	0.46
0.000117	-0.96	0.000117	0.46
0.000117	-0.96	0.000117	0.44
0.000117	-0.96	0.000117	0.44
0.000117	-0.96	0.000117	0.42
0.000117	-1	0.000117	0.42
0.000117	-0.96	0.000117	0.38
0.000118	-0.96	0.000118	0.42
0.000118	-1	0.000118	0.38
0.000118	-0.96	0.000118	0.4
0.000118	-0.96	0.000118	0.36
0.000118	-0.96	0.000118	0.38
0.000118	-0.96	0.000118	0.4
0.000118	-0.96	0.000118	0.36
0.000118	-0.92	0.000118	0.38
0.000118	-0.96	0.000118	0.36
0.000118	-0.92	0.000118	0.34
0.000119	-0.96	0.000119	0.34
0.000119	-0.96	0.000119	0.34
0.000119	-0.96	0.000119	0.32
0.000119	-0.96	0.000119	0.32
0.000119	-0.96	0.000119	0.3
0.000119	-0.96	0.000119	0.3
0.000119	-1	0.000119	0.28
0.000119	-0.96	0.000119	0.3
0.000119	-1	0.000119	0.28
0.000119	-0.96	0.000119	0.28
0.00012	-0.92	0.00012	0.28
0.00012	-0.96	0.00012	0.28
0.00012	-1	0.00012	0.24
0.00012	-0.96	0.00012	0.28
0.00012	-1	0.00012	0.26
0.00012	-0.96	0.00012	0.24
0.00012	-0.96	0.00012	0.24
0.00012	-0.96	0.00012	0.2
0.00012	-1	0.00012	0.22
0.00012	-1	0.00012	0.24
0.000121	-0.92	0.000121	0.22
0.000121	-0.96	0.000121	0.24
0.000121	-1	0.000121	0.18
0.000121	-1	0.000121	0.22
0.000121	-0.96	0.000121	0.2
0.000121	-0.96	0.000121	0.16
0.000121	-1	0.000121	0.18
0.000121	-0.96	0.000121	0.18
0.000121	-1	0.000121	0.14
0.000121	-0.96	0.000121	0.2
0.000122	-0.96	0.000122	0.18
0.000122	-0.96	0.000122	0.16
0.000122	-1	0.000122	0.16
0.000122	-0.96	0.000122	0.12
0.000122	-0.96	0.000122	0.14
0.000122	-0.96	0.000122	0.18
0.000122	-0.96	0.000122	0.12
0.000122	-0.96	0.000122	0.12
0.000122	-0.96	0.000122	0.14
0.000122	-0.96	0.000122	0.12
0.000123	-1	0.000123	0.12
0.000123	-1	0.000123	0.1
0.000123	-1	0.000123	0.1
0.000123	-0.92	0.000123	0.08
0.000123	-1	0.000123	0.06
0.000123	-0.96	0.000123	0.08
0.000123	-0.96	0.000123	0.08
0.000123	-0.92	0.000123	0.06
0.000123	-0.96	0.000123	0.06
0.000123	-1	0.000123	0.08
0.000124	-1	0.000124	0.04
0.000124	-0.96	0.000124	0.04
0.000124	-1	0.000124	0.08
0.000124	-0.96	0.000124	0.04
0.000124	-1	0.000124	0.04
0.000124	-0.92	0.000124	0.02
0.000124	-1	0.000124	0
0.000124	-0.96	0.000124	0
0.000124	-0.96	0.000124	0
0.000124	-1	0.000124	0.02
0.000125	-1	0.000125	0.02
0.000125	-0.96	0.000125	0.02
0.000125	-0.92	0.000125	0
0.000125	-0.96	0.000125	-0.02
0.000125	-1	0.000125	-0.02
0.000125	-1	0.000125	0
0.000125	-0.96	0.000125	-0.02
0.000125	-0.96	0.000125	-0.02
0.000125	-1	0.000125	-0.02
0.000125	-0.96	0.000125	-0.04
0.000126	-0.96	0.000126	-0.02
0.000126	-0.96	0.000126	-0.04
0.000126	-0.96	0.000126	-0.04
0.000126	-0.96	0.000126	-0.06
0.000126	-1	0.000126	-0.04
0.000126	-0.92	0.000126	-0.04
0.000126	-0.96	0.000126	-0.06
0.000126	-0.96	0.000126	-0.06
0.000126	-1	0.000126	-0.06
0.000126	-0.96	0.000126	-0.06
0.000127	-0.96	0.000127	-0.08
0.000127	-0.96	0.000127	-0.08
0.000127	-0.96	0.000127	-0.1
0.000127	-0.96	0.000127	-0.1
0.000127	-1	0.000127	-0.1
0.000127	-0.96	0.000127	-0.1
0.000127	-0.96	0.000127	-0.1
0.000127	-0.96	0.000127	-0.12
0.000127	-0.96	0.000127	-0.12
0.000127	-1	0.000127	-0.12
0.000128	-0.96	0.000128	-0.14
0.000128	-0.92	0.000128	-0.12
0.000128	-1	0.000128	-0.14
0.000128	-1	0.000128	-0.1
0.000128	-1	0.000128	-0.14
0.000128	-0.92	0.000128	-0.12
0.000128	-0.96	0.000128	-0.14
0.000128	-0.96	0.000128	-0.14
0.000128	-1	0.000128	-0.14
0.000129	-0.96	0.000129	-0.14
0.000129	-0.96	0.000129	-0.16
0.000129	-1	0.000129	-0.18
0.000129	-1	0.000129	-0.16
0.000129	-0.96	0.000129	-0.2
0.000129	-0.96	0.000129	-0.18
0.000129	-1	0.000129	-0.18
0.000129	-0.96	0.000129	-0.2
0.000129	-0.96	0.000129	-0.18
0.000129	-1.04	0.000129	-0.18
0.00013	-1	0.00013	-0.2
0.00013	-1	0.00013	-0.2
0.00013	-0.96	0.00013	-0.22
0.00013	-1	0.00013	-0.2
0.00013	-1	0.00013	-0.2
0.00013	-0.96	0.00013	-0.2
0.00013	-0.96	0.00013	-0.24
0.00013	-0.96	0.00013	-0.22
0.00013	-0.96	0.00013	-0.24
0.00013	-1	0.00013	-0.22
0.000131	-0.92	0.000131	-0.22
0.000131	-1	0.000131	-0.24
0.000131	-0.96	0.000131	-0.26
0.000131	-0.96	0.000131	-0.24
0.000131	-1	0.000131	-0.26
0.000131	-1	0.000131	-0.24
0.000131	-0.96	0.000131	-0.22
0.000131	-0.96	0.000131	-0.28
0.000131	-0.96	0.000131	-0.26
0.000131	-1	0.000131	-0.26
0.000131	-1	0.000131	-0.28
0.000132	-0.96	0.000132	-0.26
0.000132	-0.96	0.000132	-0.3
0.000132	-1	0.000132	-0.28
0.000132	-0.96	0.000132	-0.26
0.000132	-0.92	0.000132	-0.28
0.000132	-0.96	0.000132	-0.28
0.000132	-0.92	0.000132	-0.3
0.000132	-0.96	0.000132	-0.3
0.000132	-0.96	0.000132	-0.32
0.000132	-0.96	0.000132	-0.3
0.000133	-0.96	0.000133	-0.3
0.000133	-1	0.000133	-0.3
0.000133	-0.96	0.000133	-0.28
0.000133	-0.96	0.000133	-0.3
0.000133	-1	0.000133	-0.32
0.000133	-0.96	0.000133	-0.32
0.000133	-0.96	0.000133	-0.3
0.000133	-0.96	0.000133	-0.32
0.000133	-0.96	0.000133	-0.3
0.000133	-1	0.000133	-0.34
0.000134	-1	0.000134	-0.32
0.000134	-0.96	0.000134	-0.34
0.000134	-0.96	0.000134	-0.34
0.000134	-0.96	0.000134	-0.34
0.000134	-0.96	0.000134	-0.34
0.000134	-0.96	0.000134	-0.36
0.000134	-1	0.000134	-0.32
0.000134	-0.96	0.000134	-0.36
0.000134	-0.96	0.000134	-0.34
0.000134	-1	0.000134	-0.36
0.000135	-1	0.000135	-0.36
0.000135	-0.96	0.000135	-0.36
0.000135	-0.92	0.000135	-0.36
0.000135	-0.96	0.000135	-0.4
0.000135	-0.96	0.000135	-0.38
0.000135	-1	0.000135	-0.38
0.000135	-0.96	0.000135	-0.4
0.000135	-0.96	0.000135	-0.38
0.000135	-1	0.000135	-0.38
0.000135	-1	0.000135	-0.38
0.000136	-0.92	0.000136	-0.38
0.000136	-1	0.000136	-0.38
0.000136	-1	0.000136	-0.4
0.000136	-1.04	0.000136	-0.4
0.000136	-0.96	0.000136	-0.38
0.000136	-0.96	0.000136	-0.4
0.000136	-0.96	0.000136	-0.42
0.000136	-0.92	0.000136	-0.4
0.000136	-0.96	0.000136	-0.4
0.000136	-0.96	0.000136	-0.42
0.000137	-1	0.000137	-0.4
0.000137	-0.96	0.000137	-0.44
0.000137	-0.96	0.000137	-0.44
0.000137	-0.96	0.000137	-0.42
0.000137	-1	0.000137	-0.44
0.000137	-1	0.000137	-0.44
0.000137	-1	0.000137	-0.42
0.000137	-0.96	0.000137	-0.44
0.000137	-0.96	0.000137	-0.44
0.000137	-0.96	0.000137	-0.44
0.000138	-1	0.000138	-0.42
0.000138	-0.96	0.000138	-0.46
0.000138	-1	0.000138	-0.42
0.000138	-1	0.000138	-0.46
0.000138	-1	0.000138	-0.44
0.000138	-0.96	0.000138	-0.46
0.000138	-1	0.000138	-0.44
0.000138	-0.92	0.000138	-0.44
0.000138	-1	0.000138	-0.48
0.000139	-0.96	0.000139	-0.46
0.000139	-1	0.000139	-0.48
0.000139	-0.96	0.000139	-0.5
0.000139	-0.96	0.000139	-0.5
0.000139	-0.96	0.000139	-0.48
0.000139	-1	0.000139	-0.48
0.000139	-0.96	0.000139	-0.48
0.000139	-1.04	0.000139	-0.48
0.000139	-1	0.000139	-0.5
0.000139	-1.04	0.000139	-0.48
0.00014	-1	0.00014	-0.5
0.00014	-1	0.00014	-0.5
0.00014	-1	0.00014	-0.48
0.00014	-0.96	0.00014	-0.5
0.00014	-0.96	0.00014	-0.52
0.00014	-0.96	0.00014	-0.52
0.00014	-1	0.00014	-0.48
0.00014	-1	0.00014	-0.5
0.00014	-1	0.00014	-0.48
0.00014	-0.96	0.00014	-0.54
0.00014	-1	0.00014	-0.5
0.000141	-0.96	0.000141	-0.5
0.000141	-1	0.000141	-0.5
0.000141	-0.96	0.000141	-0.52
0.000141	-0.96	0.000141	-0.52
0.000141	-0.96	0.000141	-0.52
0.000141	-0.92	0.000141	-0.54
0.000141	-0.96	0.000141	-0.52
0.000141	-0.92	0.000141	-0.52
0.000141	-0.96	0.000141	-0.52
0.000141	-0.96	0.000141	-0.54
0.000142	-1	0.000142	-0.52
0.000142	-1	0.000142	-0.54
0.000142	-0.96	0.000142	-0.54
0.000142	-0.92	0.000142	-0.54
0.000142	-1	0.000142	-0.56
0.000142	-1	0.000142	-0.52
0.000142	-0.96	0.000142	-0.54
0.000142	-0.96	0.000142	-0.52
0.000142	-0.92	0.000142	-0.56
0.000142	-0.96	0.000142	-0.56
0.000143	-1	0.000143	-0.54
0.000143	-0.92	0.000143	-0.56
0.000143	-0.96	0.000143	-0.56
0.000143	-0.92	0.000143	-0.56
0.000143	-1	0.000143	-0.56
0.000143	-1.04	0.000143	-0.6
0.000143	-1	0.000143	-0.56
0.000143	-0.96	0.000143	-0.58
0.000143	-1	0.000143	-0.56
0.000143	-1	0.000143	-0.56
0.000144	-1	0.000144	-0.58
0.000144	-0.96	0.000144	-0.58
0.000144	-0.96	0.000144	-0.58
0.000144	-0.96	0.000144	-0.58
0.000144	-1	0.000144	-0.6
0.000144	-0.96	0.000144	-0.58
0.000144	-1	0.000144	-0.58
0.000144	-0.96	0.000144	-0.58
0.000144	-1	0.000144	-0.6
0.000144	-1	0.000144	-0.58
0.000145	-0.96	0.000145	-0.56
0.000145	-0.96	0.000145	-0.6
0.000145	-0.96	0.000145	-0.6
0.000145	-1	0.000145	-0.6
0.000145	-1	0.000145	-0.6
0.000145	-1	0.000145	-0.6
0.000145	-0.96	0.000145	-0.58
0.000145	-0.96	0.000145	-0.6
0.000145	-1	0.000145	-0.62
0.000145	-0.96	0.000145	-0.58
0.000146	-0.96	0.000146	-0.6
0.000146	-1	0.000146	-0.6
0.000146	-1	0.000146	-0.62
0.000146	-0.96	0.000146	-0.62
0.000146	-0.96	0.000146	-0.62
0.000146	-1	0.000146	-0.58
0.000146	-1	0.000146	-0.6
0.000146	-0.96	0.000146	-0.62
0.000146	-0.96	0.000146	-0.62
0.000146	-0.96	0.000146	-0.62
0.000147	-0.96	0.000147	-0.62
0.000147	-0.96	0.000147	-0.64
0.000147	-1	0.000147	-0.62
0.000147	-1	0.000147	-0.64
0.000147	-1	0.000147	-0.64
0.000147	-0.96	0.000147	-0.62
0.000147	-0.96	0.000147	-0.66
0.000147	-0.96	0.000147	-0.64
0.000147	-0.92	0.000147	-0.66
0.000147	-0.96	0.000147	-0.64
0.000148	-0.96	0.000148	-0.66
0.000148	-0.96	0.000148	-0.64
0.000148	-0.96	0.000148	-0.64
0.000148	-0.96	0.000148	-0.64
0.000148	-0.96	0.000148	-0.68
0.000148	-1	0.000148	-0.66
0.000148	-1	0.000148	-0.68
0.000148	-0.96	0.000148	-0.66
0.000148	-1	0.000148	-0.64
0.000149	-1	0.000149	-0.66
0.000149	-1	0.000149	-0.68
0.000149	-0.96	0.000149	-0.68
0.000149	-1	0.000149	-0.66
0.000149	-1.04	0.000149	-0.66
0.000149	-1	0.000149	-0.66
0.000149	-1	0.000149	-0.68
0.000149	-1	0.000149	-0.68
0.000149	-0.96	0.000149	-0.68
0.000149	-0.96	0.000149	-0.66
0.00015	-1	0.00015	-0.68
0.00015	-1	0.00015	-0.66
0.00015	-0.96	0.00015	-0.66
0.00015	-0.96	0.00015	-0.66
0.00015	-1	0.00015	-0.66
0.00015	-0.96	0.00015	-0.68
0.00015	-0.96	0.00015	-0.7
0.00015	-0.96	0.00015	-0.68
0.00015	-0.96	0.00015	-0.68
0.00015	-1	0.00015	-0.7
0.00015	-0.96	0.00015	-0.66
0.000151	-0.96	0.000151	-0.68
0.000151	-1	0.000151	-0.7
0.000151	-0.96	0.000151	-0.68
0.000151	-0.96	0.000151	-0.68
0.000151	-0.92	0.000151	-0.7
0.000151	-0.96	0.000151	-0.66
0.000151	-0.96	0.000151	-0.7
0.000151	-0.96	0.000151	-0.7
0.000151	-0.96	0.000151	-0.7
0.000151	-1	0.000151	-0.7
0.000152	-1	0.000152	-0.72
0.000152	-1	0.000152	-0.68
0.000152	-0.96	0.000152	-0.68
0.000152	-1	0.000152	-0.72
0.000152	-0.96	0.000152	-0.7
0.000152	-0.96	0.000152	-0.68
0.000152	-0.96	0.000152	-0.72
0.000152	-0.96	0.000152	-0.72
0.000152	-0.96	0.000152	-0.7
0.000152	-1	0.000152	-0.7
0.000153	-1	0.000153	-0.7
0.000153	-0.92	0.000153	-0.7
0.000153	-0.96	0.000153	-0.7
0.000153	-1	0.000153	-0.7
0.000153	-0.96	0.000153	-0.72
0.000153	-0.96	0.000153	-0.72
0.000153	-1.04	0.000153	-0.7
0.000153	-1	0.000153	-0.72
0.000153	-0.96	0.000153	-0.72
0.000153	-1	0.000153	-0.72
0.000154	-0.96	0.000154	-0.7
0.000154	-0.96	0.000154	-0.72
0.000154	-0.96	0.000154	-0.74
0.000154	-0.96	0.000154	-0.74
0.000154	-1	0.000154	-0.72
0.000154	-0.96	0.000154	-0.72
0.000154	-1	0.000154	-0.72
0.000154	-1	0.000154	-0.72
0.000154	-1.04	0.000154	-0.72
0.000154	-0.96	0.000154	-0.72
0.000155	-0.96	0.000155	-0.74
0.000155	-1	0.000155	-0.72
0.000155	-0.96	0.000155	-0.72
0.000155	-1	0.000155	-0.74
0.000155	-0.96	0.000155	-0.74
0.000155	-1	0.000155	-0.76
0.000155	-0.96	0.000155	-0.74
0.000155	-1	0.000155	-0.74
0.000155	-0.96	0.000155	-0.74
0.000155	-1	0.000155	-0.74
0.000156	-1	0.000156	-0.72
0.000156	-1	0.000156	-0.74
0.000156	-1	0.000156	-0.76
0.000156	-1	0.000156	-0.72
0.000156	-0.96	0.000156	-0.74
0.000156	-1	0.000156	-0.74
0.000156	-1	0.000156	-0.74
0.000156	-1	0.000156	-0.74
0.000156	-1	0.000156	-0.74
0.000156	-1.04	0.000156	-0.76
0.000157	-1	0.000157	-0.74
0.000157	-1	0.000157	-0.78
0.000157	-1	0.000157	-0.76
0.000157	-1	0.000157	-0.74
0.000157	-0.96	0.000157	-0.76
0.000157	-0.96	0.000157	-0.78
0.000157	-0.96	0.000157	-0.76
0.000157	-1	0.000157	-0.76
0.000157	-0.96	0.000157	-0.76
0.000157	-1.04	0.000157	-0.76
0.000158	-1	0.000158	-0.76
0.000158	-0.96	0.000158	-0.78
0.000158	-1	0.000158	-0.76
0.000158	-0.96	0.000158	-0.74
0.000158	-1	0.000158	-0.78
0.000158	-1	0.000158	-0.74
0.000158	-0.96	0.000158	-0.78
0.000158	-0.96	0.000158	-0.78
0.000158	-1	0.000158	-0.76
0.000159	-1	0.000159	-0.76
0.000159	-1	0.000159	-0.8
0.000159	-0.92	0.000159	-0.78
0.000159	-1	0.000159	-0.78
0.000159	-0.96	0.000159	-0.78
0.000159	-1	0.000159	-0.78
0.000159	-0.96	0.000159	-0.78
0.000159	-0.96	0.000159	-0.76
0.000159	-1	0.000159	-0.8
0.000159	-1	0.000159	-0.8
0.00016	-0.96	0.00016	-0.78
0.00016	-1	0.00016	-0.8
0.00016	-0.96	0.00016	-0.78
0.00016	-0.96	0.00016	-0.8
0.00016	-1	0.00016	-0.8
0.00016	-1	0.00016	-0.78
0.00016	-0.96	0.00016	-0.78
0.00016	-0.96	0.00016	-0.78
0.00016	-1	0.00016	-0.8
0.00016	-0.96	0.00016	-0.78
0.00016	-0.96	0.00016	-0.78
0.000161	-0.96	0.000161	-0.8
0.000161	-1	0.000161	-0.78
0.000161	-1	0.000161	-0.8
0.000161	-0.96	0.000161	-0.78
0.000161	-1	0.000161	-0.8
0.000161	-1	0.000161	-0.78
0.000161	-1	0.000161	-0.8
0.000161	-0.96	0.000161	-0.78
0.000161	-1	0.000161	-0.78
0.000161	-1	0.000161	-0.82
0.000162	-0.96	0.000162	-0.78
0.000162	-1	0.000162	-0.8
0.000162	-1	0.000162	-0.8
0.000162	-0.96	0.000162	-0.82
0.000162	-0.96	0.000162	-0.8
0.000162	-0.96	0.000162	-0.82
0.000162	-0.96	0.000162	-0.82
0.000162	-0.96	0.000162	-0.8
0.000162	-1	0.000162	-0.78
0.000162	1.08	0.000162	-0.68
0.000163	1.08	0.000163	-0.76
0.000163	1.12	0.000163	-0.78
0.000163	1.08	0.000163	-0.76
0.000163	1.04	0.000163	-0.76
0.000163	1.08	0.000163	-0.76
0.000163	1.04	0.000163	-0.76
0.000163	1.04	0.000163	-0.74
0.000163	1.08	0.000163	-0.74
0.000163	1.04	0.000163	-0.74
0.000163	1.08	0.000163	-0.72
0.000164	1.04	0.000164	-0.72
0.000164	1.04	0.000164	-0.72
0.000164	1.04	0.000164	-0.72
0.000164	1.04	0.000164	-0.68
0.000164	1.08	0.000164	-0.68
0.000164	1.08	0.000164	-0.68
0.000164	1.04	0.000164	-0.66
0.000164	1.12	0.000164	-0.66
0.000164	1.04	0.000164	-0.66
0.000164	1.04	0.000164	-0.64
0.000165	1.08	0.000165	-0.64
0.000165	1.04	0.000165	-0.62
0.000165	1	0.000165	-0.64
0.000165	1.08	0.000165	-0.62
0.000165	1.04	0.000165	-0.62
0.000165	1.04	0.000165	-0.6
0.000165	1.08	0.000165	-0.58
0.000165	1.04	0.000165	-0.58
0.000165	1.04	0.000165	-0.6
0.000165	1.04	0.000165	-0.54
0.000166	1.08	0.000166	-0.56
0.000166	1.04	0.000166	-0.56
0.000166	1.08	0.000166	-0.54
0.000166	1.04	0.000166	-0.54
0.000166	1.04	0.000166	-0.52
0.000166	1.04	0.000166	-0.52
0.000166	1.08	0.000166	-0.52
0.000166	1.04	0.000166	-0.5
0.000166	1.12	0.000166	-0.48
0.000166	1.08	0.000166	-0.5
0.000167	1.04	0.000167	-0.48
0.000167	1.08	0.000167	-0.48
0.000167	1.08	0.000167	-0.46
0.000167	1.04	0.000167	-0.46
0.000167	1.04	0.000167	-0.46
0.000167	1.04	0.000167	-0.46
0.000167	1	0.000167	-0.44
0.000167	1.04	0.000167	-0.44
0.000167	1.04	0.000167	-0.44
0.000168	1.08	0.000168	-0.42
0.000168	1.04	0.000168	-0.4
0.000168	1.12	0.000168	-0.42
0.000168	1.12	0.000168	-0.4
0.000168	1.12	0.000168	-0.4
0.000168	1.04	0.000168	-0.38
0.000168	1.04	0.000168	-0.4
0.000168	1.08	0.000168	-0.38
0.000168	1.04	0.000168	-0.38
0.000168	1.08	0.000168	-0.4
0.000169	1.08	0.000169	-0.36
0.000169	1.08	0.000169	-0.36
0.000169	1.04	0.000169	-0.38
0.000169	1.08	0.000169	-0.34
0.000169	1.04	0.000169	-0.32
0.000169	1.04	0.000169	-0.32
0.000169	1.08	0.000169	-0.32
0.000169	1.04	0.000169	-0.32
0.000169	1.12	0.000169	-0.3
0.000169	1.04	0.000169	-0.3
0.000169	1.08	0.000169	-0.32
0.00017	1.08	0.00017	-0.3
0.00017	1.04	0.00017	-0.3
0.00017	1.04	0.00017	-0.3
0.00017	1.08	0.00017	-0.28
0.00017	1.12	0.00017	-0.26
0.00017	1.08	0.00017	-0.24
0.00017	1.08	0.00017	-0.28
0.00017	1.08	0.00017	-0.24
0.00017	1.04	0.00017	-0.24
0.00017	1.04	0.00017	-0.24
0.000171	1.04	0.000171	-0.24
0.000171	1.04	0.000171	-0.22
0.000171	1.08	0.000171	-0.24
0.000171	1.04	0.000171	-0.22
0.000171	1.04	0.000171	-0.2
0.000171	1.04	0.000171	-0.22
0.000171	1.04	0.000171	-0.2
0.000171	1.08	0.000171	-0.22
0.000171	1.04	0.000171	-0.2
0.000171	1.08	0.000171	-0.2
0.000172	1.04	0.000172	-0.2
0.000172	1.04	0.000172	-0.18
0.000172	1.08	0.000172	-0.16
0.000172	1.08	0.000172	-0.16
0.000172	1.12	0.000172	-0.14
0.000172	1	0.000172	-0.14
0.000172	1.08	0.000172	-0.16
0.000172	1.08	0.000172	-0.14
0.000172	1.04	0.000172	-0.14
0.000172	1.04	0.000172	-0.12
0.000173	1.08	0.000173	-0.14
0.000173	1.08	0.000173	-0.1
0.000173	1.08	0.000173	-0.12
0.000173	1.04	0.000173	-0.1
0.000173	1.04	0.000173	-0.1
0.000173	1.04	0.000173	-0.1
0.000173	1	0.000173	-0.08
0.000173	1.04	0.000173	-0.1
0.000173	1.04	0.000173	-0.08
0.000173	1.04	0.000173	-0.08
0.000174	1.04	0.000174	-0.06
0.000174	1	0.000174	-0.08
0.000174	1.04	0.000174	-0.06
0.000174	1.08	0.000174	-0.08
0.000174	1.08	0.000174	-0.06
0.000174	1.04	0.000174	-0.06
0.000174	1.04	0.000174	-0.04
0.000174	1.08	0.000174	-0.04
0.000174	1.08	0.000174	-0.04
0.000174	1.08	0.000174	-0.02
0.000175	1	0.000175	-0.02
0.000175	1.04	0.000175	0
0.000175	1.08	0.000175	-0.02
0.000175	1.12	0.000175	0
0.000175	1.08	0.000175	0.02
0.000175	1.08	0.000175	0
0.000175	1.04	0.000175	0.02
0.000175	1.04	0.000175	0
0.000175	1.04	0.000175	0
0.000175	1.04	0.000175	0.02
0.000176	1.04	0.000176	0.02
0.000176	1.04	0.000176	0.02
0.000176	1.08	0.000176	0.04
0.000176	1.08	0.000176	0.04
0.000176	1.08	0.000176	0.04
0.000176	1.08	0.000176	0.04
0.000176	1.04	0.000176	0.04
0.000176	1.08	0.000176	0.06
0.000176	1.08	0.000176	0.06
0.000176	1.12	0.000176	0.06
0.000177	1.04	0.000177	0.08
0.000177	1.04	0.000177	0.08
0.000177	1.08	0.000177	0.06
0.000177	1.08	0.000177	0.08
0.000177	1.04	0.000177	0.08
0.000177	1.04	0.000177	0.08
0.000177	1.08	0.000177	0.1
0.000177	1.04	0.000177	0.08
0.000177	1.08	0.000177	0.1
0.000178	1.04	0.000178	0.1
0.000178	1.08	0.000178	0.08
0.000178	1.08	0.000178	0.12
0.000178	1.04	0.000178	0.12
0.000178	1.04	0.000178	0.12
0.000178	1.04	0.000178	0.14
0.000178	1.08	0.000178	0.12
0.000178	1.08	0.000178	0.12
0.000178	1.08	0.000178	0.12
0.000178	1.08	0.000178	0.12
0.000179	1.08	0.000179	0.14
0.000179	1.12	0.000179	0.14
0.000179	1.04	0.000179	0.16
0.000179	1.04	0.000179	0.16
0.000179	1.04	0.000179	0.16
0.000179	1.08	0.000179	0.16
0.000179	1.08	0.000179	0.18
0.000179	1.12	0.000179	0.18
0.000179	1.04	0.000179	0.18
0.000179	1.08	0.000179	0.18
0.000179	1	0.000179	0.18
0.00018	1.04	0.00018	0.16
0.00018	1.04	0.00018	0.2
0.00018	1.04	0.00018	0.18
0.00018	1.08	0.00018	0.2
0.00018	1.04	0.00018	0.2
0.00018	1.08	0.00018	0.2
0.00018	1.04	0.00018	0.2
0.00018	1.08	0.00018	0.22
0.00018	1.04	0.00018	0.22
0.00018	1.04	0.00018	0.22
0.000181	1.04	0.000181	0.24
0.000181	1.04	0.000181	0.24
0.000181	1.08	0.000181	0.22
0.000181	1.08	0.000181	0.24
0.000181	1.04	0.000181	0.24
0.000181	1.08	0.000181	0.22
0.000181	1.08	0.000181	0.22
0.000181	1.08	0.000181	0.24
0.000181	1.12	0.000181	0.24
0.000181	1.08	0.000181	0.24
0.000182	1.08	0.000182	0.26
0.000182	1.08	0.000182	0.24
0.000182	1.08	0.000182	0.24
0.000182	1.08	0.000182	0.28
0.000182	1.04	0.000182	0.26
0.000182	1.04	0.000182	0.28
0.000182	1.04	0.000182	0.3
0.000182	1.04	0.000182	0.28
0.000182	1.08	0.000182	0.28
0.000182	1.08	0.000182	0.28
0.000183	1.04	0.000183	0.3
0.000183	1.04	0.000183	0.28
0.000183	1	0.000183	0.3
0.000183	1.08	0.000183	0.32
0.000183	1.04	0.000183	0.32
0.000183	1.04	0.000183	0.3
0.000183	1.04	0.000183	0.32
0.000183	1.12	0.000183	0.28
0.000183	1.08	0.000183	0.32
0.000183	1.08	0.000183	0.32
0.000184	1.04	0.000184	0.32
0.000184	1.04	0.000184	0.32
0.000184	1.08	0.000184	0.32
0.000184	1.08	0.000184	0.32
0.000184	1.04	0.000184	0.34
0.000184	1.08	0.000184	0.36
0.000184	1.08	0.000184	0.34
0.000184	1.12	0.000184	0.34
0.000184	1.04	0.000184	0.34
0.000184	1.04	0.000184	0.36
0.000185	1.08	0.000185	0.36
0.000185	1.08	0.000185	0.38
0.000185	1.08	0.000185	0.34
0.000185	1.08	0.000185	0.38
0.000185	1.08	0.000185	0.36
0.000185	1.04	0.000185	0.36
0.000185	1.08	0.000185	0.36
0.000185	1.04	0.000185	0.38
0.000185	1.04	0.000185	0.38
0.000185	1.08	0.000185	0.38
0.000186	1.08	0.000186	0.38
0.000186	1.08	0.000186	0.38
0.000186	1.08	0.000186	0.38
0.000186	1.08	0.000186	0.38
0.000186	1.04	0.000186	0.4
0.000186	1.04	0.000186	0.4
0.000186	1.12	0.000186	0.4
0.000186	1.08	0.000186	0.4
0.000186	1.08	0.000186	0.38
0.000186	1.08	0.000186	0.4
0.000187	1.08	0.000187	0.42
0.000187	1.12	0.000187	0.4
0.000187	1.08	0.000187	0.4
0.000187	1.04	0.000187	0.44
0.000187	1.04	0.000187	0.42
0.000187	1.08	0.000187	0.42
0.000187	1.08	0.000187	0.4
0.000187	1.08	0.000187	0.44
0.000187	1.08	0.000187	0.42
0.000188	1.08	0.000188	0.42
0.000188	1.04	0.000188	0.42
0.000188	1.04	0.000188	0.42
0.000188	1.08	0.000188	0.44
0.000188	1.08	0.000188	0.44
0.000188	1.08	0.000188	0.46
0.000188	1.08	0.000188	0.44
0.000188	1.08	0.000188	0.42
0.000188	1.08	0.000188	0.44
0.000188	1.04	0.000188	0.44
0.000189	1.08	0.000189	0.44
0.000189	1.04	0.000189	0.46
0.000189	1.04	0.000189	0.46
0.000189	1.04	0.000189	0.48
0.000189	1.08	0.000189	0.46
0.000189	1.04	0.000189	0.46
0.000189	1.08	0.000189	0.46
0.000189	1.08	0.000189	0.48
0.000189	1.04	0.000189	0.46
0.000189	1.08	0.000189	0.46
0.000189	1.08	0.000189	0.48
0.00019	1.08	0.00019	0.46
0.00019	1.08	0.00019	0.5
0.00019	1.08	0.00019	0.48
0.00019	1.04	0.00019	0.48
0.00019	1.08	0.00019	0.48
0.00019	1.08	0.00019	0.48
0.00019	1.08	0.00019	0.5
0.00019	1.08	0.00019	0.5
0.00019	1.08	0.00019	0.5
0.00019	1.04	0.00019	0.52
0.000191	1.08	0.000191	0.48
0.000191	1.04	0.000191	0.52
0.000191	1.08	0.000191	0.52
0.000191	1.04	0.000191	0.5
0.000191	1.08	0.000191	0.52
0.000191	1.04	0.000191	0.52
0.000191	1.08	0.000191	0.52
0.000191	1.08	0.000191	0.52
0.000191	1.08	0.000191	0.5
0.000191	1.08	0.000191	0.52
0.000192	1.12	0.000192	0.52
0.000192	1.12	0.000192	0.54
0.000192	1.08	0.000192	0.54
0.000192	1.04	0.000192	0.52
0.000192	1.04	0.000192	0.54
0.000192	1.04	0.000192	0.52
0.000192	1.08	0.000192	0.52
0.000192	1.08	0.000192	0.52
0.000192	1.04	0.000192	0.5
0.000192	1.04	0.000192	0.54
0.000193	1.08	0.000193	0.54
0.000193	1.04	0.000193	0.54
0.000193	1.08	0.000193	0.56
0.000193	1.08	0.000193	0.54
0.000193	1.04	0.000193	0.56
0.000193	1.08	0.000193	0.58
0.000193	1.04	0.000193	0.54
0.000193	1.04	0.000193	0.58
0.000193	1.08	0.000193	0.56
0.000193	1.08	0.000193	0.54
0.000194	1.04	0.000194	0.58
0.000194	1.04	0.000194	0.56
0.000194	1.04	0.000194	0.56
0.000194	1.08	0.000194	0.56
0.000194	1.08	0.000194	0.58
0.000194	1.12	0.000194	0.58
0.000194	1.12	0.000194	0.58
0.000194	1.04	0.000194	0.54
0.000194	1.04	0.000194	0.56
0.000194	1.04	0.000194	0.58
0.000195	1.08	0.000195	0.58
0.000195	1.08	0.000195	0.58
0.000195	1.12	0.000195	0.58
0.000195	1.12	0.000195	0.6
0.000195	1.04	0.000195	0.6
0.000195	1.08	0.000195	0.58
0.000195	1.04	0.000195	0.58
0.000195	1.04	0.000195	0.6
0.000195	1.08	0.000195	0.6
0.000195	1.08	0.000195	0.6
0.000196	1.08	0.000196	0.6
0.000196	1.08	0.000196	0.62
0.000196	1.08	0.000196	0.62
0.000196	1.08	0.000196	0.6
0.000196	1.04	0.000196	0.62
0.000196	1.08	0.000196	0.6
0.000196	1.08	0.000196	0.6
0.000196	1.08	0.000196	0.6
0.000196	1.08	0.000196	0.62
0.000196	1.08	0.000196	0.62
0.000197	1.08	0.000197	0.62
0.000197	1.08	0.000197	0.62
0.000197	1.08	0.000197	0.64
0.000197	1.04	0.000197	0.64
0.000197	1.04	0.000197	0.62
0.000197	1.04	0.000197	0.62
0.000197	1.04	0.000197	0.62
0.000197	1.04	0.000197	0.62
0.000197	1.08	0.000197	0.62
0.000198	1.04	0.000198	0.62
0.000198	1.08	0.000198	0.64
0.000198	1.04	0.000198	0.64
0.000198	1.08	0.000198	0.64
0.000198	1.08	0.000198	0.6
0.000198	1.08	0.000198	0.64
0.000198	1.12	0.000198	0.62
0.000198	1.08	0.000198	0.6
0.000198	1.08	0.000198	0.64
0.000198	1.04	0.000198	0.64
0.000199	1.04	0.000199	0.64
0.000199	1.04	0.000199	0.66
0.000199	1.04	0.000199	0.62
0.000199	1.08	0.000199	0.66
0.000199	1.08	0.000199	0.64
0.000199	1.08	0.000199	0.66
0.000199	1.08	0.000199	0.66
0.000199	1.04	0.000199	0.68
0.000199	1.04	0.000199	0.66
0.000199	1.08	0.000199	0.64
0.000199	1.12	0.000199	0.66
0.0002	1.04	0.0002	0.68
0.0002	1.04	0.0002	0.66
0.0002	1.08	0.0002	0.64
0.0002	1.08	0.0002	0.66
0.0002	1.04	0.0002	0.66
0.0002	1.08	0.0002	0.68
0.0002	1.04	0.0002	0.66
0.0002	1.04	0.0002	0.66
0.0002	1.08	0.0002	0.68
0.0002	1.08	0.0002	0.68
0.000201	1.04	0.000201	0.68
0.000201	1.08	0.000201	0.68
0.000201	1.08	0.000201	0.66
0.000201	1.04	0.000201	0.66
0.000201	1.04	0.000201	0.68
0.000201	1.08	0.000201	0.66
0.000201	1.08	0.000201	0.68
0.000201	1.04	0.000201	0.66
0.000201	1.04	0.000201	0.68
0.000201	1.08	0.000201	0.66
0.000202	1.08	0.000202	0.68
0.000202	1.04	0.000202	0.68
0.000202	1.04	0.000202	0.68
0.000202	1.04	0.000202	0.7
0.000202	1.08	0.000202	0.72
0.000202	1.08	0.000202	0.68
0.000202	1.04	0.000202	0.68
0.000202	1.04	0.000202	0.68
0.000202	1.04	0.000202	0.7
0.000202	1.04	0.000202	0.7
0.000203	1.08	0.000203	0.7
0.000203	1.08	0.000203	0.7
0.000203	1.04	0.000203	0.68
0.000203	1.04	0.000203	0.7
0.000203	1.08	0.000203	0.72
0.000203	1.04	0.000203	0.7
0.000203	1.08	0.000203	0.72
0.000203	1.08	0.000203	0.7
0.000203	1.08	0.000203	0.68
0.000203	1.12	0.000203	0.72
0.000204	1.04	0.000204	0.7
0.000204	1.08	0.000204	0.72
0.000204	1.08	0.000204	0.7
0.000204	1.08	0.000204	0.72
0.000204	1.04	0.000204	0.72
0.000204	1.04	0.000204	0.72
0.000204	1.08	0.000204	0.72
0.000204	1.04	0.000204	0.72
0.000204	1.08	0.000204	0.7
0.000204	1.08	0.000204	0.7
0.000205	1.12	0.000205	0.72
0.000205	1.08	0.000205	0.72
0.000205	1.12	0.000205	0.72
0.000205	1.08	0.000205	0.72
0.000205	1.08	0.000205	0.72
0.000205	1.08	0.000205	0.72
0.000205	1.04	0.000205	0.72
0.000205	1.08	0.000205	0.72
0.000205	1.04	0.000205	0.74
0.000205	1.08	0.000205	0.72
0.000206	1.08	0.000206	0.74
0.000206	1.08	0.000206	0.72
0.000206	1.08	0.000206	0.74
0.000206	1.08	0.000206	0.74
0.000206	1.08	0.000206	0.74
0.000206	1.08	0.000206	0.72
0.000206	1.04	0.000206	0.74
0.000206	1.12	0.000206	0.74
0.000206	1.04	0.000206	0.76
0.000206	1.08	0.000206	0.76
0.000207	1.12	0.000207	0.72
0.000207	1.04	0.000207	0.72
0.000207	1.04	0.000207	0.74
0.000207	1.08	0.000207	0.76
0.000207	1.04	0.000207	0.72
0.000207	1.08	0.000207	0.74
0.000207	1.08	0.000207	0.74
0.000207	1.08	0.000207	0.74
0.000207	1.08	0.000207	0.74
0.000208	1.08	0.000208	0.74
0.000208	1.08	0.000208	0.74
0.000208	1.08	0.000208	0.76
0.000208	1.08	0.000208	0.76
0.000208	1.08	0.000208	0.74
0.000208	1.04	0.000208	0.76
0.000208	1.08	0.000208	0.72
0.000208	1.12	0.000208	0.74
0.000208	1.08	0.000208	0.74
0.000208	1.04	0.000208	0.76
0.000208	1.04	0.000208	0.76
0.000209	1.08	0.000209	0.72
0.000209	1.08	0.000209	0.76
0.000209	1.08	0.000209	0.78
0.000209	1.12	0.000209	0.76
0.000209	1.08	0.000209	0.76
0.000209	1.08	0.000209	0.76
0.000209	1.08	0.000209	0.76
0.000209	1.04	0.000209	0.76
0.000209	1.04	0.000209	0.76
0.000209	1.08	0.000209	0.74
0.00021	1.08	0.00021	0.78
0.00021	1.08	0.00021	0.74
0.00021	1.08	0.00021	0.76
0.00021	1.08	0.00021	0.78
0.00021	1.04	0.00021	0.78
0.00021	1.04	0.00021	0.76
0.00021	1.04	0.00021	0.78
0.00021	1.08	0.00021	0.76
0.00021	1.08	0.00021	0.76
0.00021	1.04	0.00021	0.78
0.000211	1.04	0.000211	0.78
0.000211	1	0.000211	0.76
0.000211	1.08	0.000211	0.78
0.000211	1.08	0.000211	0.78
0.000211	1.04	0.000211	0.76
0.000211	1.08	0.000211	0.76
0.000211	1.08	0.000211	0.78
0.000211	1.08	0.000211	0.78
0.000211	1.08	0.000211	0.78
0.000211	1.08	0.000211	0.78
0.000212	1.08	0.000212	0.76
0.000212	1.04	0.000212	0.76
0.000212	1.08	0.000212	0.8
0.000212	1.04	0.000212	0.78
0.000212	1.12	0.000212	0.78
0.000212	1.08	0.000212	0.78
0.000212	1.08	0.000212	0.76
0.000212	1.08	0.000212	0.8
0.000212	1.08	0.000212	0.76
