Time - Plot 0	Amplitude - Plot 0	Time - Plot 1	Amplitude - Plot 1
0	-0.016	0	-1.04
1.00E-07	-0.008	1.00E-07	-1.08
2.00E-07	-0.024	2.00E-07	-1.08
3.00E-07	-0.016	3.00E-07	-1.04
4.00E-07	-0.016	4.00E-07	-1.04
5.00E-07	-0.024	5.00E-07	-1.08
6.00E-07	-0.016	6.00E-07	-1.08
7.00E-07	-0.024	7.00E-07	-1.04
8.00E-07	-0.024	8.00E-07	-1.12
9.00E-07	-0.032	9.00E-07	-1.08
1.00E-06	-0.032	1.00E-06	-1.08
1.10E-06	-0.024	1.10E-06	-1.04
1.20E-06	-0.032	1.20E-06	-1.04
1.30E-06	-0.032	1.30E-06	-1.08
1.40E-06	-0.032	1.40E-06	-1.08
1.50E-06	-0.032	1.50E-06	-1.08
1.60E-06	-0.04	1.60E-06	-1.04
1.70E-06	-0.048	1.70E-06	-1.12
1.80E-06	-0.04	1.80E-06	-1.08
1.90E-06	-0.04	1.90E-06	-1
2.00E-06	-0.048	2.00E-06	-1.08
2.10E-06	-0.04	2.10E-06	-1.04
2.20E-06	-0.04	2.20E-06	-1.04
2.30E-06	-0.056	2.30E-06	-1.08
2.40E-06	-0.048	2.40E-06	-1.04
2.50E-06	-0.048	2.50E-06	-1.08
2.60E-06	-0.056	2.60E-06	-1.04
2.70E-06	-0.056	2.70E-06	-1.04
2.80E-06	-0.048	2.80E-06	-1.04
2.90E-06	-0.048	2.90E-06	-1.04
3.00E-06	-0.064	3.00E-06	-1.04
3.10E-06	-0.056	3.10E-06	-1.08
3.20E-06	-0.056	3.20E-06	-1.08
3.30E-06	-0.064	3.30E-06	-1.12
3.40E-06	-0.056	3.40E-06	-1.04
3.50E-06	-0.064	3.50E-06	-1.08
3.60E-06	-0.064	3.60E-06	-1.08
3.70E-06	-0.064	3.70E-06	-1.04
3.80E-06	-0.064	3.80E-06	-1.08
3.90E-06	-0.072	3.90E-06	-1.04
4.00E-06	-0.072	4.00E-06	-1.04
4.10E-06	-0.08	4.10E-06	-1.04
4.20E-06	-0.08	4.20E-06	-1.04
4.30E-06	-0.08	4.30E-06	-1.08
4.40E-06	-0.08	4.40E-06	-1.08
4.50E-06	-0.072	4.50E-06	-1.08
4.60E-06	-0.08	4.60E-06	-1
4.70E-06	-0.08	4.70E-06	-1.12
4.80E-06	-0.08	4.80E-06	-1.08
4.90E-06	-0.08	4.90E-06	-1.08
5.00E-06	-0.088	5.00E-06	-1.04
5.10E-06	-0.088	5.10E-06	-1.04
5.20E-06	-0.096	5.20E-06	-1.12
5.30E-06	-0.088	5.30E-06	-1.08
5.40E-06	-0.096	5.40E-06	-1.08
5.50E-06	-0.096	5.50E-06	-1.04
5.60E-06	-0.088	5.60E-06	-1.08
5.70E-06	-0.088	5.70E-06	-1.08
5.80E-06	-0.104	5.80E-06	-1.04
5.90E-06	-0.104	5.90E-06	-1.08
6.00E-06	-0.104	6.00E-06	-1.04
6.10E-06	-0.104	6.10E-06	-1.04
6.20E-06	-0.112	6.20E-06	-1.04
6.30E-06	-0.104	6.30E-06	-1.12
6.40E-06	-0.104	6.40E-06	-1.08
6.50E-06	-0.112	6.50E-06	-1.08
6.60E-06	-0.112	6.60E-06	-1.08
6.70E-06	-0.112	6.70E-06	-1.04
6.80E-06	-0.12	6.80E-06	-1.04
6.90E-06	-0.12	6.90E-06	-1
7.00E-06	-0.12	7.00E-06	-1.04
7.10E-06	-0.112	7.10E-06	-1.04
7.20E-06	-0.112	7.20E-06	-1.04
7.30E-06	-0.112	7.30E-06	-1.08
7.40E-06	-0.128	7.40E-06	-1.04
7.50E-06	-0.12	7.50E-06	-1.08
7.60E-06	-0.128	7.60E-06	-1
7.70E-06	-0.136	7.70E-06	-1.08
7.80E-06	-0.128	7.80E-06	-1.04
7.90E-06	-0.128	7.90E-06	-1.04
8.00E-06	-0.12	8.00E-06	-1.04
8.10E-06	-0.128	8.10E-06	-1.08
8.20E-06	-0.128	8.20E-06	-1.04
8.30E-06	-0.144	8.30E-06	-1.04
8.40E-06	-0.136	8.40E-06	-1.04
8.50E-06	-0.144	8.50E-06	-1.04
8.60E-06	-0.144	8.60E-06	-1.04
8.70E-06	-0.144	8.70E-06	-1.08
8.80E-06	-0.136	8.80E-06	-1.08
8.90E-06	-0.144	8.90E-06	-1.04
9.00E-06	-0.144	9.00E-06	-1
9.10E-06	-0.152	9.10E-06	-1
9.20E-06	-0.152	9.20E-06	-1.04
9.30E-06	-0.144	9.30E-06	-1.04
9.40E-06	-0.152	9.40E-06	-1.04
9.50E-06	-0.144	9.50E-06	-1.04
9.60E-06	-0.152	9.60E-06	-1.08
9.70E-06	-0.152	9.70E-06	-1.08
9.80E-06	-0.144	9.80E-06	-1.12
9.90E-06	-0.152	9.90E-06	-1.04
1.00E-05	-0.16	1.00E-05	-1.08
1.01E-05	-0.16	1.01E-05	-1.08
1.02E-05	-0.16	1.02E-05	-1.08
1.03E-05	-0.16	1.03E-05	-1.04
1.04E-05	-0.16	1.04E-05	-1.08
1.05E-05	-0.16	1.05E-05	-1
1.06E-05	-0.16	1.06E-05	-1.08
1.07E-05	-0.16	1.07E-05	-1.04
1.08E-05	-0.168	1.08E-05	-1.08
1.09E-05	-0.168	1.09E-05	-1.04
1.10E-05	-0.176	1.10E-05	-1.08
1.11E-05	-0.16	1.11E-05	-1.04
1.12E-05	-0.176	1.12E-05	-1.08
1.13E-05	-0.176	1.13E-05	-1.08
1.14E-05	-0.16	1.14E-05	-1.08
1.15E-05	-0.168	1.15E-05	-1.04
1.16E-05	-0.176	1.16E-05	-1.12
1.17E-05	-0.176	1.17E-05	-1.08
1.18E-05	-0.176	1.18E-05	-1.04
1.19E-05	-0.176	1.19E-05	-1.08
1.20E-05	-0.176	1.20E-05	-1.04
1.21E-05	-0.184	1.21E-05	0.96
1.22E-05	-0.192	1.22E-05	0.96
1.23E-05	-0.176	1.23E-05	0.96
1.24E-05	-0.176	1.24E-05	0.92
1.25E-05	-0.168	1.25E-05	0.92
1.26E-05	-0.168	1.26E-05	0.96
1.27E-05	-0.16	1.27E-05	0.92
1.28E-05	-0.168	1.28E-05	1
1.29E-05	-0.16	1.29E-05	0.96
1.30E-05	-0.16	1.30E-05	1
1.31E-05	-0.16	1.31E-05	0.96
1.32E-05	-0.152	1.32E-05	1
1.33E-05	-0.16	1.33E-05	0.96
1.34E-05	-0.152	1.34E-05	0.96
1.35E-05	-0.144	1.35E-05	1
1.36E-05	-0.144	1.36E-05	0.96
1.37E-05	-0.144	1.37E-05	0.96
1.38E-05	-0.152	1.38E-05	0.96
1.39E-05	-0.136	1.39E-05	0.96
1.40E-05	-0.144	1.40E-05	0.96
1.41E-05	-0.144	1.41E-05	1
1.42E-05	-0.144	1.42E-05	0.96
1.43E-05	-0.144	1.43E-05	0.96
1.44E-05	-0.128	1.44E-05	0.96
1.45E-05	-0.136	1.45E-05	1
1.46E-05	-0.128	1.46E-05	0.96
1.47E-05	-0.12	1.47E-05	1
1.48E-05	-0.12	1.48E-05	0.96
1.49E-05	-0.12	1.49E-05	0.96
1.50E-05	-0.112	1.50E-05	1
1.51E-05	-0.128	1.51E-05	0.96
1.52E-05	-0.112	1.52E-05	0.96
1.53E-05	-0.112	1.53E-05	0.96
1.54E-05	-0.112	1.54E-05	0.92
1.55E-05	-0.112	1.55E-05	0.92
1.56E-05	-0.104	1.56E-05	1
1.57E-05	-0.104	1.57E-05	1
1.58E-05	-0.104	1.58E-05	0.96
1.59E-05	-0.104	1.59E-05	0.96
1.60E-05	-0.096	1.60E-05	0.92
1.61E-05	-0.104	1.61E-05	0.96
1.62E-05	-0.096	1.62E-05	0.96
1.63E-05	-0.096	1.63E-05	0.92
1.64E-05	-0.096	1.64E-05	0.92
1.65E-05	-0.088	1.65E-05	0.92
1.66E-05	-0.08	1.66E-05	0.96
1.67E-05	-0.08	1.67E-05	0.92
1.68E-05	-0.08	1.68E-05	1
1.69E-05	-0.08	1.69E-05	0.96
1.70E-05	-0.088	1.70E-05	0.92
1.71E-05	-0.072	1.71E-05	0.96
1.72E-05	-0.08	1.72E-05	0.96
1.73E-05	-0.08	1.73E-05	0.96
1.74E-05	-0.064	1.74E-05	0.96
1.75E-05	-0.072	1.75E-05	0.96
1.76E-05	-0.08	1.76E-05	0.96
1.77E-05	-0.072	1.77E-05	1.04
1.78E-05	-0.064	1.78E-05	0.96
1.79E-05	-0.056	1.79E-05	0.96
1.80E-05	-0.064	1.80E-05	0.96
1.81E-05	-0.064	1.81E-05	0.96
1.82E-05	-0.064	1.82E-05	0.96
1.83E-05	-0.056	1.83E-05	0.96
1.84E-05	-0.048	1.84E-05	0.96
1.85E-05	-0.048	1.85E-05	0.96
1.86E-05	-0.04	1.86E-05	1
1.87E-05	-0.048	1.87E-05	0.96
1.88E-05	-0.048	1.88E-05	0.96
1.89E-05	-0.048	1.89E-05	1
1.90E-05	-0.048	1.90E-05	1
1.91E-05	-0.04	1.91E-05	1
1.92E-05	-0.048	1.92E-05	0.96
1.93E-05	-0.04	1.93E-05	0.96
1.94E-05	-0.048	1.94E-05	0.96
1.95E-05	-0.04	1.95E-05	0.96
1.96E-05	-0.032	1.96E-05	0.96
1.97E-05	-0.032	1.97E-05	0.96
1.98E-05	-0.04	1.98E-05	0.96
1.99E-05	-0.032	1.99E-05	0.92
2.00E-05	-0.032	2.00E-05	0.92
2.01E-05	-0.032	2.01E-05	1
2.02E-05	-0.024	2.02E-05	0.96
2.03E-05	-0.024	2.03E-05	0.92
2.04E-05	-0.024	2.04E-05	0.96
2.05E-05	-0.016	2.05E-05	0.96
2.06E-05	-0.024	2.06E-05	0.96
2.07E-05	-0.016	2.07E-05	0.96
2.08E-05	-0.024	2.08E-05	1
2.09E-05	-0.008	2.09E-05	0.96
2.10E-05	-0.016	2.10E-05	1
2.11E-05	-0.016	2.11E-05	0.96
2.12E-05	-0.008	2.12E-05	0.96
2.13E-05	-0.008	2.13E-05	0.92
2.14E-05	-0.008	2.14E-05	0.96
2.15E-05	0	2.15E-05	0.96
2.16E-05	-0.008	2.16E-05	0.96
2.17E-05	0.008	2.17E-05	1
2.18E-05	0	2.18E-05	0.92
2.19E-05	0.008	2.19E-05	0.96
2.20E-05	0.008	2.20E-05	1
2.21E-05	0.008	2.21E-05	1
2.22E-05	0.008	2.22E-05	0.96
2.23E-05	0.008	2.23E-05	0.96
2.24E-05	0.008	2.24E-05	0.92
2.25E-05	0.008	2.25E-05	1
2.26E-05	0.024	2.26E-05	0.96
2.27E-05	0.016	2.27E-05	0.96
2.28E-05	0.024	2.28E-05	0.96
2.29E-05	0.016	2.29E-05	0.92
2.30E-05	0.024	2.30E-05	0.96
2.31E-05	0.024	2.31E-05	0.96
2.32E-05	0.032	2.32E-05	1
2.33E-05	0.032	2.33E-05	0.96
2.34E-05	0.032	2.34E-05	0.96
2.35E-05	0.032	2.35E-05	0.96
2.36E-05	0.032	2.36E-05	0.96
2.37E-05	0.032	2.37E-05	0.96
2.38E-05	0.032	2.38E-05	0.96
2.39E-05	0.032	2.39E-05	1
2.40E-05	0.04	2.40E-05	0.96
2.41E-05	0.032	2.41E-05	0.96
2.42E-05	0.04	2.42E-05	0.92
2.43E-05	0.04	2.43E-05	1
2.44E-05	0.048	2.44E-05	0.96
2.45E-05	0.048	2.45E-05	1
2.46E-05	0.048	2.46E-05	1
2.47E-05	0.048	2.47E-05	0.96
2.48E-05	0.056	2.48E-05	1
2.49E-05	0.048	2.49E-05	0.96
2.50E-05	0.056	2.50E-05	1
2.51E-05	0.056	2.51E-05	0.96
2.52E-05	0.064	2.52E-05	1
2.53E-05	0.056	2.53E-05	1
2.54E-05	0.064	2.54E-05	0.96
2.55E-05	0.064	2.55E-05	1
2.56E-05	0.064	2.56E-05	1
2.57E-05	0.064	2.57E-05	1
2.58E-05	0.072	2.58E-05	0.96
2.59E-05	0.064	2.59E-05	0.96
2.60E-05	0.064	2.60E-05	0.96
2.61E-05	0.072	2.61E-05	0.92
2.62E-05	0.08	2.62E-05	0.96
2.63E-05	0.072	2.63E-05	0.96
2.64E-05	0.072	2.64E-05	0.96
2.65E-05	0.072	2.65E-05	1
2.66E-05	0.08	2.66E-05	0.96
2.67E-05	0.08	2.67E-05	1
2.68E-05	0.08	2.68E-05	1
2.69E-05	0.088	2.69E-05	0.96
2.70E-05	0.08	2.70E-05	0.96
2.71E-05	0.088	2.71E-05	1
2.72E-05	0.096	2.72E-05	0.96
2.73E-05	0.088	2.73E-05	1
2.74E-05	0.088	2.74E-05	1
2.75E-05	0.08	2.75E-05	0.96
2.76E-05	0.096	2.76E-05	1
2.77E-05	0.088	2.77E-05	0.96
2.78E-05	0.104	2.78E-05	0.96
2.79E-05	0.096	2.79E-05	0.96
2.80E-05	0.096	2.80E-05	0.96
2.81E-05	0.104	2.81E-05	1
2.82E-05	0.104	2.82E-05	1
2.83E-05	0.096	2.83E-05	0.96
2.84E-05	0.104	2.84E-05	1
2.85E-05	0.112	2.85E-05	0.92
2.86E-05	0.104	2.86E-05	0.96
2.87E-05	0.104	2.87E-05	0.96
2.88E-05	0.112	2.88E-05	0.96
2.89E-05	0.112	2.89E-05	1
2.90E-05	0.112	2.90E-05	0.96
2.91E-05	0.112	2.91E-05	0.96
2.92E-05	0.112	2.92E-05	1
2.93E-05	0.128	2.93E-05	0.96
2.94E-05	0.12	2.94E-05	0.96
2.95E-05	0.12	2.95E-05	1
2.96E-05	0.128	2.96E-05	0.96
2.97E-05	0.128	2.97E-05	1
2.98E-05	0.136	2.98E-05	0.96
2.99E-05	0.128	2.99E-05	0.96
3.00E-05	0.128	3.00E-05	1
3.01E-05	0.128	3.01E-05	0.96
3.02E-05	0.136	3.02E-05	1
3.03E-05	0.144	3.03E-05	0.96
3.04E-05	0.136	3.04E-05	1
3.05E-05	0.136	3.05E-05	1
3.06E-05	0.136	3.06E-05	0.96
3.07E-05	0.136	3.07E-05	0.96
3.08E-05	0.136	3.08E-05	1
3.09E-05	0.144	3.09E-05	1
3.10E-05	0.152	3.10E-05	0.96
3.11E-05	0.144	3.11E-05	0.96
3.12E-05	0.144	3.12E-05	0.96
3.13E-05	0.144	3.13E-05	1
3.14E-05	0.144	3.14E-05	0.92
3.15E-05	0.152	3.15E-05	0.96
3.16E-05	0.16	3.16E-05	0.96
3.17E-05	0.152	3.17E-05	1
3.18E-05	0.16	3.18E-05	1
3.19E-05	0.16	3.19E-05	1
3.20E-05	0.152	3.20E-05	0.96
3.21E-05	0.16	3.21E-05	0.96
3.22E-05	0.16	3.22E-05	0.96
3.23E-05	0.152	3.23E-05	0.96
3.24E-05	0.168	3.24E-05	1
3.25E-05	0.16	3.25E-05	0.96
3.26E-05	0.168	3.26E-05	0.96
3.27E-05	0.168	3.27E-05	0.96
3.28E-05	0.176	3.28E-05	0.96
3.29E-05	0.168	3.29E-05	0.96
3.30E-05	0.176	3.30E-05	0.96
3.31E-05	0.176	3.31E-05	0.96
3.32E-05	0.184	3.32E-05	1
3.33E-05	0.176	3.33E-05	0.92
3.34E-05	0.176	3.34E-05	1
3.35E-05	0.184	3.35E-05	0.96
3.36E-05	0.176	3.36E-05	0.96
3.37E-05	0.184	3.37E-05	0.96
3.38E-05	0.176	3.38E-05	1
3.39E-05	0.176	3.39E-05	0.96
3.40E-05	0.176	3.40E-05	1
3.41E-05	0.184	3.41E-05	0.96
3.42E-05	0.192	3.42E-05	0.96
3.43E-05	0.184	3.43E-05	1
3.44E-05	0.192	3.44E-05	0.96
3.45E-05	0.184	3.45E-05	1
3.46E-05	0.192	3.46E-05	1
3.47E-05	0.2	3.47E-05	0.96
3.48E-05	0.2	3.48E-05	1
3.49E-05	0.192	3.49E-05	0.96
3.50E-05	0.2	3.50E-05	1
3.51E-05	0.2	3.51E-05	1
3.52E-05	0.208	3.52E-05	0.96
3.53E-05	0.208	3.53E-05	0.96
3.54E-05	0.208	3.54E-05	0.96
3.55E-05	0.216	3.55E-05	1
3.56E-05	0.208	3.56E-05	0.96
3.57E-05	0.208	3.57E-05	0.96
3.58E-05	0.216	3.58E-05	1
3.59E-05	0.208	3.59E-05	1
3.60E-05	0.208	3.60E-05	0.96
3.61E-05	0.216	3.61E-05	0.96
3.62E-05	0.216	3.62E-05	0.96
3.63E-05	0.208	3.63E-05	0.96
3.64E-05	0.224	3.64E-05	1
3.65E-05	0.216	3.65E-05	1
3.66E-05	0.216	3.66E-05	0.96
3.67E-05	0.224	3.67E-05	1.04
3.68E-05	0.224	3.68E-05	0.96
3.69E-05	0.216	3.69E-05	0.96
3.70E-05	0.224	3.70E-05	1
3.71E-05	0.224	3.71E-05	-1.04
3.72E-05	0.232	3.72E-05	-1.08
3.73E-05	0.216	3.73E-05	-1.04
3.74E-05	0.208	3.74E-05	-1.04
3.75E-05	0.224	3.75E-05	-1
3.76E-05	0.208	3.76E-05	-1.04
3.77E-05	0.216	3.77E-05	-1.04
3.78E-05	0.208	3.78E-05	-1.12
3.79E-05	0.2	3.79E-05	-1.04
3.80E-05	0.208	3.80E-05	-1.08
3.81E-05	0.2	3.81E-05	-1.08
3.82E-05	0.192	3.82E-05	-1.08
3.83E-05	0.2	3.83E-05	-1.08
3.84E-05	0.192	3.84E-05	-1.04
3.85E-05	0.2	3.85E-05	-1.04
3.86E-05	0.184	3.86E-05	-1
3.87E-05	0.192	3.87E-05	-1.04
3.88E-05	0.192	3.88E-05	-1.04
3.89E-05	0.184	3.89E-05	-1
3.90E-05	0.176	3.90E-05	-1.04
3.91E-05	0.176	3.91E-05	-1.08
3.92E-05	0.176	3.92E-05	-1.04
3.93E-05	0.176	3.93E-05	-1.08
3.94E-05	0.184	3.94E-05	-1.04
3.95E-05	0.176	3.95E-05	-1.08
3.96E-05	0.16	3.96E-05	-1.04
3.97E-05	0.168	3.97E-05	-1.08
3.98E-05	0.168	3.98E-05	-1.08
3.99E-05	0.16	3.99E-05	-1
4.00E-05	0.168	4.00E-05	-1.04
4.01E-05	0.16	4.01E-05	-1.08
4.02E-05	0.16	4.02E-05	-1.04
4.03E-05	0.152	4.03E-05	-1.08
4.04E-05	0.16	4.04E-05	-1.04
4.05E-05	0.144	4.05E-05	-1.08
4.06E-05	0.144	4.06E-05	-1.04
4.07E-05	0.144	4.07E-05	-1.04
4.08E-05	0.152	4.08E-05	-1.08
4.09E-05	0.152	4.09E-05	-1.04
4.10E-05	0.144	4.10E-05	-1.04
4.11E-05	0.136	4.11E-05	-1.08
4.12E-05	0.136	4.12E-05	-1.04
4.13E-05	0.144	4.13E-05	-1.04
4.14E-05	0.128	4.14E-05	-1.04
4.15E-05	0.136	4.15E-05	-1
4.16E-05	0.128	4.16E-05	-1.04
4.17E-05	0.136	4.17E-05	-1.04
4.18E-05	0.128	4.18E-05	-1.04
4.19E-05	0.128	4.19E-05	-1.08
4.20E-05	0.12	4.20E-05	-1.08
4.21E-05	0.112	4.21E-05	-1.08
4.22E-05	0.112	4.22E-05	-1.08
4.23E-05	0.12	4.23E-05	-1.04
4.24E-05	0.12	4.24E-05	-1.04
4.25E-05	0.112	4.25E-05	-1.04
4.26E-05	0.112	4.26E-05	-1.08
4.27E-05	0.112	4.27E-05	-1.04
4.28E-05	0.104	4.28E-05	-1.08
4.29E-05	0.104	4.29E-05	-1.08
4.30E-05	0.104	4.30E-05	-1.04
4.31E-05	0.112	4.31E-05	-1.08
4.32E-05	0.104	4.32E-05	-1.04
4.33E-05	0.096	4.33E-05	-1.08
4.34E-05	0.096	4.34E-05	-1.08
4.35E-05	0.096	4.35E-05	-1.08
4.36E-05	0.104	4.36E-05	-1.08
4.37E-05	0.088	4.37E-05	-1.04
4.38E-05	0.088	4.38E-05	-1.04
4.39E-05	0.08	4.39E-05	-1.04
4.40E-05	0.08	4.40E-05	-1.08
4.41E-05	0.088	4.41E-05	-1.04
4.42E-05	0.088	4.42E-05	-1.04
4.43E-05	0.08	4.43E-05	-1.08
4.44E-05	0.08	4.44E-05	-1
4.45E-05	0.088	4.45E-05	-1.08
4.46E-05	0.072	4.46E-05	-1.04
4.47E-05	0.072	4.47E-05	-1.04
4.48E-05	0.08	4.48E-05	-1.04
4.49E-05	0.072	4.49E-05	-1
4.50E-05	0.064	4.50E-05	-1.04
4.51E-05	0.064	4.51E-05	-1.08
4.52E-05	0.072	4.52E-05	-1.08
4.53E-05	0.072	4.53E-05	-1.08
4.54E-05	0.056	4.54E-05	-1.04
4.55E-05	0.056	4.55E-05	-1.04
4.56E-05	0.064	4.56E-05	-1
4.57E-05	0.056	4.57E-05	-1.04
4.58E-05	0.056	4.58E-05	-1.08
4.59E-05	0.048	4.59E-05	-1.12
4.60E-05	0.056	4.60E-05	-1.08
4.61E-05	0.048	4.61E-05	-1.08
4.62E-05	0.048	4.62E-05	-1.04
4.63E-05	0.04	4.63E-05	-1.12
4.64E-05	0.048	4.64E-05	-1.04
4.65E-05	0.048	4.65E-05	-1.08
4.66E-05	0.048	4.66E-05	-1.04
4.67E-05	0.04	4.67E-05	-1.04
4.68E-05	0.04	4.68E-05	-1.08
4.69E-05	0.04	4.69E-05	-1.08
4.70E-05	0.032	4.70E-05	-1
4.71E-05	0.032	4.71E-05	-1.08
4.72E-05	0.032	4.72E-05	-1.08
4.73E-05	0.024	4.73E-05	-1.08
4.74E-05	0.024	4.74E-05	-1
4.75E-05	0.032	4.75E-05	-1.04
4.76E-05	0.032	4.76E-05	-1
4.77E-05	0.024	4.77E-05	-1.12
4.78E-05	0.024	4.78E-05	-0.96
4.79E-05	0.024	4.79E-05	-1.08
4.80E-05	0.024	4.80E-05	-1.08
4.81E-05	0.016	4.81E-05	-1.04
4.82E-05	0.016	4.82E-05	-1.08
4.83E-05	0.008	4.83E-05	-1.12
4.84E-05	0.016	4.84E-05	-1.12
4.85E-05	0.008	4.85E-05	-1.04
4.86E-05	0.008	4.86E-05	-1.08
4.87E-05	0.008	4.87E-05	-1.08
4.88E-05	0	4.88E-05	-1.08
4.89E-05	0.016	4.89E-05	-1.04
4.90E-05	0	4.90E-05	-1.04
4.91E-05	0.008	4.91E-05	-1.08
4.92E-05	-0.008	4.92E-05	-1.08
4.93E-05	0	4.93E-05	-1.12
4.94E-05	-0.008	4.94E-05	-1.04
4.95E-05	0.008	4.95E-05	-1.04
4.96E-05	-0.008	4.96E-05	-1.08
4.97E-05	0	4.97E-05	-1.12
4.98E-05	-0.008	4.98E-05	-1.04
4.99E-05	-0.016	4.99E-05	-1.08
5.00E-05	-0.008	5.00E-05	-1.08
5.01E-05	-0.008	5.01E-05	-1
5.02E-05	-0.016	5.02E-05	-1.08
5.03E-05	-0.008	5.03E-05	-1.04
5.04E-05	-0.016	5.04E-05	-1.08
5.05E-05	-0.024	5.05E-05	-1.08
5.06E-05	-0.024	5.06E-05	-1.08
5.07E-05	-0.024	5.07E-05	-1.08
5.08E-05	-0.024	5.08E-05	-1.08
5.09E-05	-0.024	5.09E-05	-1.08
5.10E-05	-0.024	5.10E-05	-1.08
5.11E-05	-0.032	5.11E-05	-1
5.12E-05	-0.04	5.12E-05	-1.08
5.13E-05	-0.032	5.13E-05	-1.08
5.14E-05	-0.032	5.14E-05	-1.08
5.15E-05	-0.032	5.15E-05	-1.08
5.16E-05	-0.032	5.16E-05	-1.08
5.17E-05	-0.024	5.17E-05	-1.08
5.18E-05	-0.048	5.18E-05	-1.12
5.19E-05	-0.04	5.19E-05	-1.08
5.20E-05	-0.04	5.20E-05	-1.08
5.21E-05	-0.048	5.21E-05	-1.12
5.22E-05	-0.048	5.22E-05	-1.04
5.23E-05	-0.04	5.23E-05	-1.08
5.24E-05	-0.048	5.24E-05	-1.04
5.25E-05	-0.048	5.25E-05	-1.08
5.26E-05	-0.056	5.26E-05	-1.08
5.27E-05	-0.048	5.27E-05	-1.08
5.28E-05	-0.056	5.28E-05	-1.12
5.29E-05	-0.056	5.29E-05	-1.04
5.30E-05	-0.056	5.30E-05	-1.04
5.31E-05	-0.064	5.31E-05	-1.08
5.32E-05	-0.064	5.32E-05	-1.08
5.33E-05	-0.056	5.33E-05	-1.04
5.34E-05	-0.064	5.34E-05	-1.08
5.35E-05	-0.064	5.35E-05	-1.08
5.36E-05	-0.072	5.36E-05	-1.08
5.37E-05	-0.08	5.37E-05	-1.04
5.38E-05	-0.08	5.38E-05	-1
5.39E-05	-0.072	5.39E-05	-1.04
5.40E-05	-0.072	5.40E-05	-1.04
5.41E-05	-0.072	5.41E-05	-1.08
5.42E-05	-0.072	5.42E-05	-1.04
5.43E-05	-0.072	5.43E-05	-1.04
5.44E-05	-0.08	5.44E-05	-1.08
5.45E-05	-0.072	5.45E-05	-1.04
5.46E-05	-0.08	5.46E-05	-1
5.47E-05	-0.088	5.47E-05	-1.12
5.48E-05	-0.08	5.48E-05	-1.04
5.49E-05	-0.08	5.49E-05	-1.04
5.50E-05	-0.088	5.50E-05	-1.08
5.51E-05	-0.088	5.51E-05	-1.04
5.52E-05	-0.088	5.52E-05	-1.04
5.53E-05	-0.08	5.53E-05	-1.08
5.54E-05	-0.096	5.54E-05	-1.08
5.55E-05	-0.096	5.55E-05	-1.04
5.56E-05	-0.096	5.56E-05	-1.08
5.57E-05	-0.096	5.57E-05	-1.08
5.58E-05	-0.096	5.58E-05	-1.12
5.59E-05	-0.104	5.59E-05	-1.08
5.60E-05	-0.104	5.60E-05	-1.08
5.61E-05	-0.104	5.61E-05	-1.08
5.62E-05	-0.104	5.62E-05	-1.04
5.63E-05	-0.104	5.63E-05	-1.08
5.64E-05	-0.104	5.64E-05	-1.04
5.65E-05	-0.104	5.65E-05	-1.04
5.66E-05	-0.112	5.66E-05	-1.08
5.67E-05	-0.112	5.67E-05	-1.08
5.68E-05	-0.104	5.68E-05	-1.08
5.69E-05	-0.112	5.69E-05	-1.04
5.70E-05	-0.112	5.70E-05	-1.08
5.71E-05	-0.12	5.71E-05	-1.04
5.72E-05	-0.128	5.72E-05	-1.08
5.73E-05	-0.112	5.73E-05	-1.08
5.74E-05	-0.128	5.74E-05	-1.08
5.75E-05	-0.112	5.75E-05	-1.04
5.76E-05	-0.112	5.76E-05	-1.08
5.77E-05	-0.12	5.77E-05	-1.08
5.78E-05	-0.128	5.78E-05	-1.04
5.79E-05	-0.128	5.79E-05	-1.04
5.80E-05	-0.128	5.80E-05	-1.12
5.81E-05	-0.128	5.81E-05	-1.04
5.82E-05	-0.128	5.82E-05	-1.04
5.83E-05	-0.128	5.83E-05	-1.08
5.84E-05	-0.128	5.84E-05	-1.08
5.85E-05	-0.128	5.85E-05	-1.08
5.86E-05	-0.136	5.86E-05	-1.04
5.87E-05	-0.136	5.87E-05	-1.04
5.88E-05	-0.144	5.88E-05	-1.04
5.89E-05	-0.144	5.89E-05	-1.04
5.90E-05	-0.136	5.90E-05	-1.04
5.91E-05	-0.144	5.91E-05	-1.08
5.92E-05	-0.144	5.92E-05	-1.08
5.93E-05	-0.144	5.93E-05	-1.08
5.94E-05	-0.152	5.94E-05	-1.08
5.95E-05	-0.144	5.95E-05	-1.08
5.96E-05	-0.152	5.96E-05	-1.08
5.97E-05	-0.144	5.97E-05	-1.04
5.98E-05	-0.152	5.98E-05	-1.04
5.99E-05	-0.152	5.99E-05	-1.08
6.00E-05	-0.152	6.00E-05	-1
6.01E-05	-0.16	6.01E-05	-1.04
6.02E-05	-0.152	6.02E-05	-1.08
6.03E-05	-0.16	6.03E-05	-1.08
6.04E-05	-0.16	6.04E-05	-1.08
6.05E-05	-0.168	6.05E-05	-1.04
6.06E-05	-0.152	6.06E-05	-1.04
6.07E-05	-0.168	6.07E-05	-1.04
6.08E-05	-0.168	6.08E-05	-1.08
6.09E-05	-0.168	6.09E-05	-1.04
6.10E-05	-0.16	6.10E-05	-1
6.11E-05	-0.16	6.11E-05	-1.04
6.12E-05	-0.16	6.12E-05	-1.08
6.13E-05	-0.168	6.13E-05	-1.04
6.14E-05	-0.176	6.14E-05	-1.04
6.15E-05	-0.168	6.15E-05	-1.04
6.16E-05	-0.168	6.16E-05	-1.12
6.17E-05	-0.184	6.17E-05	-1.08
6.18E-05	-0.176	6.18E-05	-1.08
6.19E-05	-0.184	6.19E-05	-1.08
6.20E-05	-0.176	6.20E-05	-1.08
6.21E-05	-0.184	6.21E-05	0.92
6.22E-05	-0.192	6.22E-05	0.96
6.23E-05	-0.176	6.23E-05	0.92
6.24E-05	-0.168	6.24E-05	0.96
6.25E-05	-0.176	6.25E-05	0.92
6.26E-05	-0.176	6.26E-05	0.96
6.27E-05	-0.168	6.27E-05	1
6.28E-05	-0.16	6.28E-05	0.96
6.29E-05	-0.16	6.29E-05	0.96
6.30E-05	-0.16	6.30E-05	0.92
6.31E-05	-0.152	6.31E-05	0.96
6.32E-05	-0.16	6.32E-05	0.92
6.33E-05	-0.152	6.33E-05	0.96
6.34E-05	-0.152	6.34E-05	0.96
6.35E-05	-0.16	6.35E-05	1
6.36E-05	-0.152	6.36E-05	0.96
6.37E-05	-0.144	6.37E-05	0.96
6.38E-05	-0.144	6.38E-05	0.96
6.39E-05	-0.144	6.39E-05	0.96
6.40E-05	-0.136	6.40E-05	0.96
6.41E-05	-0.136	6.41E-05	0.96
6.42E-05	-0.136	6.42E-05	1
6.43E-05	-0.136	6.43E-05	0.92
6.44E-05	-0.128	6.44E-05	1
6.45E-05	-0.128	6.45E-05	1
6.46E-05	-0.128	6.46E-05	0.96
6.47E-05	-0.128	6.47E-05	0.96
6.48E-05	-0.12	6.48E-05	1
6.49E-05	-0.12	6.49E-05	1
6.50E-05	-0.112	6.50E-05	0.96
6.51E-05	-0.12	6.51E-05	0.96
6.52E-05	-0.112	6.52E-05	1
6.53E-05	-0.112	6.53E-05	0.96
6.54E-05	-0.112	6.54E-05	0.96
6.55E-05	-0.104	6.55E-05	1
6.56E-05	-0.12	6.56E-05	0.96
6.57E-05	-0.112	6.57E-05	0.96
6.58E-05	-0.104	6.58E-05	0.96
6.59E-05	-0.096	6.59E-05	0.92
6.60E-05	-0.104	6.60E-05	0.96
6.61E-05	-0.096	6.61E-05	0.96
6.62E-05	-0.096	6.62E-05	0.92
6.63E-05	-0.096	6.63E-05	1
6.64E-05	-0.096	6.64E-05	1
6.65E-05	-0.088	6.65E-05	0.96
6.66E-05	-0.088	6.66E-05	0.96
6.67E-05	-0.088	6.67E-05	0.96
6.68E-05	-0.088	6.68E-05	0.96
6.69E-05	-0.088	6.69E-05	0.96
6.70E-05	-0.08	6.70E-05	0.96
6.71E-05	-0.088	6.71E-05	0.96
6.72E-05	-0.08	6.72E-05	1
6.73E-05	-0.072	6.73E-05	0.92
6.74E-05	-0.08	6.74E-05	0.96
6.75E-05	-0.064	6.75E-05	0.96
6.76E-05	-0.072	6.76E-05	0.92
6.77E-05	-0.064	6.77E-05	1
6.78E-05	-0.072	6.78E-05	0.96
6.79E-05	-0.064	6.79E-05	0.96
6.80E-05	-0.064	6.80E-05	0.96
6.81E-05	-0.064	6.81E-05	0.96
6.82E-05	-0.056	6.82E-05	0.96
6.83E-05	-0.056	6.83E-05	1
6.84E-05	-0.048	6.84E-05	0.96
6.85E-05	-0.048	6.85E-05	0.96
6.86E-05	-0.056	6.86E-05	1
6.87E-05	-0.056	6.87E-05	0.96
6.88E-05	-0.048	6.88E-05	0.92
6.89E-05	-0.048	6.89E-05	0.96
6.90E-05	-0.048	6.90E-05	0.92
6.91E-05	-0.032	6.91E-05	0.96
6.92E-05	-0.04	6.92E-05	0.92
6.93E-05	-0.04	6.93E-05	0.96
6.94E-05	-0.032	6.94E-05	0.96
6.95E-05	-0.032	6.95E-05	0.96
6.96E-05	-0.032	6.96E-05	0.96
6.97E-05	-0.032	6.97E-05	0.96
6.98E-05	-0.032	6.98E-05	0.96
6.99E-05	-0.032	6.99E-05	0.96
7.00E-05	-0.032	7.00E-05	0.96
7.01E-05	-0.024	7.01E-05	0.96
7.02E-05	-0.032	7.02E-05	0.92
7.03E-05	-0.024	7.03E-05	0.96
7.04E-05	-0.024	7.04E-05	0.92
7.05E-05	-0.016	7.05E-05	1
7.06E-05	-0.024	7.06E-05	1
7.07E-05	-0.016	7.07E-05	0.92
7.08E-05	-0.016	7.08E-05	0.92
7.09E-05	-0.016	7.09E-05	0.96
7.10E-05	-0.016	7.10E-05	1
7.11E-05	-0.008	7.11E-05	0.96
7.12E-05	0	7.12E-05	0.96
7.13E-05	0	7.13E-05	0.96
7.14E-05	-0.008	7.14E-05	0.92
7.15E-05	0	7.15E-05	0.96
7.16E-05	-0.008	7.16E-05	0.96
7.17E-05	0	7.17E-05	1
7.18E-05	0	7.18E-05	1
7.19E-05	0	7.19E-05	0.96
7.20E-05	0	7.20E-05	0.96
7.21E-05	0.016	7.21E-05	0.96
7.22E-05	0	7.22E-05	1
7.23E-05	0.008	7.23E-05	1
7.24E-05	0.008	7.24E-05	0.96
7.25E-05	0.016	7.25E-05	1
7.26E-05	0.008	7.26E-05	0.96
7.27E-05	0.024	7.27E-05	0.96
7.28E-05	0.016	7.28E-05	0.96
7.29E-05	0.016	7.29E-05	0.96
7.30E-05	0.024	7.30E-05	0.96
7.31E-05	0.032	7.31E-05	0.96
7.32E-05	0.024	7.32E-05	0.96
7.33E-05	0.032	7.33E-05	0.96
7.34E-05	0.016	7.34E-05	0.96
7.35E-05	0.024	7.35E-05	0.96
7.36E-05	0.032	7.36E-05	1
7.37E-05	0.04	7.37E-05	0.96
7.38E-05	0.032	7.38E-05	0.96
7.39E-05	0.032	7.39E-05	0.96
7.40E-05	0.04	7.40E-05	0.96
7.41E-05	0.032	7.41E-05	1
7.42E-05	0.048	7.42E-05	0.96
7.43E-05	0.04	7.43E-05	1
7.44E-05	0.04	7.44E-05	1
7.45E-05	0.04	7.45E-05	0.96
7.46E-05	0.056	7.46E-05	1
7.47E-05	0.048	7.47E-05	1
7.48E-05	0.048	7.48E-05	0.96
7.49E-05	0.048	7.49E-05	0.96
7.50E-05	0.056	7.50E-05	0.96
7.51E-05	0.048	7.51E-05	1
7.52E-05	0.056	7.52E-05	0.96
7.53E-05	0.064	7.53E-05	0.96
7.54E-05	0.064	7.54E-05	0.96
7.55E-05	0.056	7.55E-05	0.96
7.56E-05	0.056	7.56E-05	1
7.57E-05	0.056	7.57E-05	0.96
7.58E-05	0.064	7.58E-05	1
7.59E-05	0.064	7.59E-05	0.96
7.60E-05	0.072	7.60E-05	0.96
7.61E-05	0.064	7.61E-05	0.96
7.62E-05	0.072	7.62E-05	0.96
7.63E-05	0.072	7.63E-05	1
7.64E-05	0.072	7.64E-05	1
7.65E-05	0.08	7.65E-05	0.96
7.66E-05	0.072	7.66E-05	1
7.67E-05	0.08	7.67E-05	0.96
7.68E-05	0.08	7.68E-05	1
7.69E-05	0.08	7.69E-05	1
7.70E-05	0.08	7.70E-05	0.96
7.71E-05	0.08	7.71E-05	0.96
7.72E-05	0.088	7.72E-05	1
7.73E-05	0.096	7.73E-05	1
7.74E-05	0.096	7.74E-05	0.96
7.75E-05	0.088	7.75E-05	1
7.76E-05	0.096	7.76E-05	0.96
7.77E-05	0.096	7.77E-05	1
7.78E-05	0.096	7.78E-05	0.96
7.79E-05	0.096	7.79E-05	1
7.80E-05	0.104	7.80E-05	0.96
7.81E-05	0.112	7.81E-05	1
7.82E-05	0.104	7.82E-05	1
7.83E-05	0.104	7.83E-05	0.96
7.84E-05	0.104	7.84E-05	0.96
7.85E-05	0.104	7.85E-05	1
7.86E-05	0.104	7.86E-05	1
7.87E-05	0.112	7.87E-05	1
7.88E-05	0.112	7.88E-05	1
7.89E-05	0.112	7.89E-05	0.96
7.90E-05	0.112	7.90E-05	0.96
7.91E-05	0.112	7.91E-05	0.96
7.92E-05	0.112	7.92E-05	1
7.93E-05	0.112	7.93E-05	1
7.94E-05	0.12	7.94E-05	0.92
7.95E-05	0.12	7.95E-05	1
7.96E-05	0.12	7.96E-05	0.96
7.97E-05	0.12	7.97E-05	0.96
7.98E-05	0.128	7.98E-05	0.96
7.99E-05	0.128	7.99E-05	1
8.00E-05	0.12	8.00E-05	1
8.01E-05	0.12	8.01E-05	0.96
8.02E-05	0.128	8.02E-05	0.96
8.03E-05	0.136	8.03E-05	0.96
8.04E-05	0.136	8.04E-05	1
8.05E-05	0.136	8.05E-05	1
8.06E-05	0.136	8.06E-05	0.96
8.07E-05	0.136	8.07E-05	0.96
8.08E-05	0.136	8.08E-05	1
8.09E-05	0.136	8.09E-05	0.96
8.10E-05	0.144	8.10E-05	1
8.11E-05	0.144	8.11E-05	0.96
8.12E-05	0.144	8.12E-05	0.96
8.13E-05	0.144	8.13E-05	1
8.14E-05	0.152	8.14E-05	1
8.15E-05	0.144	8.15E-05	0.92
8.16E-05	0.136	8.16E-05	1
8.17E-05	0.152	8.17E-05	1
8.18E-05	0.144	8.18E-05	1
8.19E-05	0.152	8.19E-05	0.96
8.20E-05	0.16	8.20E-05	0.92
8.21E-05	0.152	8.21E-05	0.96
8.22E-05	0.168	8.22E-05	0.96
8.23E-05	0.168	8.23E-05	0.96
8.24E-05	0.168	8.24E-05	0.96
8.25E-05	0.16	8.25E-05	1
8.26E-05	0.176	8.26E-05	1
8.27E-05	0.168	8.27E-05	1
8.28E-05	0.16	8.28E-05	0.96
8.29E-05	0.168	8.29E-05	1
8.30E-05	0.176	8.30E-05	0.92
8.31E-05	0.176	8.31E-05	1
8.32E-05	0.184	8.32E-05	0.96
8.33E-05	0.176	8.33E-05	1
8.34E-05	0.168	8.34E-05	0.96
8.35E-05	0.168	8.35E-05	1
8.36E-05	0.168	8.36E-05	1
8.37E-05	0.184	8.37E-05	0.96
8.38E-05	0.176	8.38E-05	1
8.39E-05	0.184	8.39E-05	0.96
8.40E-05	0.184	8.40E-05	1
8.41E-05	0.192	8.41E-05	1
8.42E-05	0.184	8.42E-05	0.96
8.43E-05	0.2	8.43E-05	0.96
8.44E-05	0.192	8.44E-05	0.96
8.45E-05	0.192	8.45E-05	0.96
8.46E-05	0.192	8.46E-05	1
8.47E-05	0.192	8.47E-05	0.96
8.48E-05	0.2	8.48E-05	1
8.49E-05	0.192	8.49E-05	0.96
8.50E-05	0.192	8.50E-05	1
8.51E-05	0.2	8.51E-05	0.96
8.52E-05	0.192	8.52E-05	0.96
8.53E-05	0.208	8.53E-05	1
8.54E-05	0.192	8.54E-05	0.96
8.55E-05	0.208	8.55E-05	1
8.56E-05	0.2	8.56E-05	0.96
8.57E-05	0.208	8.57E-05	0.96
8.58E-05	0.208	8.58E-05	0.92
8.59E-05	0.208	8.59E-05	0.96
8.60E-05	0.216	8.60E-05	0.96
8.61E-05	0.216	8.61E-05	0.96
8.62E-05	0.224	8.62E-05	0.96
8.63E-05	0.216	8.63E-05	1
8.64E-05	0.224	8.64E-05	1
8.65E-05	0.216	8.65E-05	1
8.66E-05	0.216	8.66E-05	1
8.67E-05	0.216	8.67E-05	0.96
8.68E-05	0.216	8.68E-05	0.96
8.69E-05	0.216	8.69E-05	1
8.70E-05	0.224	8.70E-05	1
8.71E-05	0.224	8.71E-05	-1
8.72E-05	0.232	8.72E-05	-1.04
8.73E-05	0.216	8.73E-05	-1.12
8.74E-05	0.216	8.74E-05	-1.08
8.75E-05	0.208	8.75E-05	-1.04
8.76E-05	0.2	8.76E-05	-1.04
8.77E-05	0.208	8.77E-05	-1.08
8.78E-05	0.208	8.78E-05	-1.08
8.79E-05	0.2	8.79E-05	-1.08
8.80E-05	0.208	8.80E-05	-1.08
8.81E-05	0.2	8.81E-05	-1.04
8.82E-05	0.2	8.82E-05	-1
8.83E-05	0.192	8.83E-05	-1.08
8.84E-05	0.192	8.84E-05	-1.04
8.85E-05	0.184	8.85E-05	-1.04
8.86E-05	0.192	8.86E-05	-1.04
8.87E-05	0.192	8.87E-05	-1.04
8.88E-05	0.184	8.88E-05	-1.08
8.89E-05	0.192	8.89E-05	-1.04
8.90E-05	0.192	8.90E-05	-1.04
8.91E-05	0.184	8.91E-05	-1.04
8.92E-05	0.176	8.92E-05	-1.04
8.93E-05	0.176	8.93E-05	-1.08
8.94E-05	0.168	8.94E-05	-1.04
8.95E-05	0.176	8.95E-05	-1.04
8.96E-05	0.184	8.96E-05	-1.08
8.97E-05	0.176	8.97E-05	-1
8.98E-05	0.176	8.98E-05	-1.08
8.99E-05	0.168	8.99E-05	-1.08
9.00E-05	0.16	9.00E-05	-1.08
9.01E-05	0.152	9.01E-05	-1.08
9.02E-05	0.152	9.02E-05	-1.04
9.03E-05	0.152	9.03E-05	-1.04
9.04E-05	0.16	9.04E-05	-1.04
9.05E-05	0.152	9.05E-05	-1.08
9.06E-05	0.152	9.06E-05	-1.08
9.07E-05	0.144	9.07E-05	-1.08
9.08E-05	0.152	9.08E-05	-1.08
9.09E-05	0.144	9.09E-05	-1.04
9.10E-05	0.144	9.10E-05	-1.04
9.11E-05	0.144	9.11E-05	-1.08
9.12E-05	0.136	9.12E-05	-1.04
9.13E-05	0.144	9.13E-05	-1.04
9.14E-05	0.128	9.14E-05	-1.04
9.15E-05	0.136	9.15E-05	-1.04
9.16E-05	0.128	9.16E-05	-1
9.17E-05	0.128	9.17E-05	-1.12
9.18E-05	0.128	9.18E-05	-1
9.19E-05	0.128	9.19E-05	-1.04
9.20E-05	0.12	9.20E-05	-1.04
9.21E-05	0.128	9.21E-05	-1.08
9.22E-05	0.128	9.22E-05	-1
9.23E-05	0.112	9.23E-05	-1.04
9.24E-05	0.112	9.24E-05	-1.08
9.25E-05	0.112	9.25E-05	-1
9.26E-05	0.112	9.26E-05	-1.08
9.27E-05	0.112	9.27E-05	-1.08
9.28E-05	0.112	9.28E-05	-1.04
9.29E-05	0.112	9.29E-05	-1.04
9.30E-05	0.104	9.30E-05	-1.04
9.31E-05	0.104	9.31E-05	-1.04
9.32E-05	0.104	9.32E-05	-1.04
9.33E-05	0.104	9.33E-05	-1
9.34E-05	0.088	9.34E-05	-1
9.35E-05	0.088	9.35E-05	-1.08
9.36E-05	0.104	9.36E-05	-1.04
9.37E-05	0.096	9.37E-05	-1.04
9.38E-05	0.088	9.38E-05	-1.04
9.39E-05	0.088	9.39E-05	-1
9.40E-05	0.096	9.40E-05	-1.08
9.41E-05	0.08	9.41E-05	-1.04
9.42E-05	0.088	9.42E-05	-1.04
9.43E-05	0.08	9.43E-05	-1.12
9.44E-05	0.08	9.44E-05	-1.04
9.45E-05	0.072	9.45E-05	-1.04
9.46E-05	0.08	9.46E-05	-1.08
9.47E-05	0.08	9.47E-05	-1.08
9.48E-05	0.08	9.48E-05	-1.08
9.49E-05	0.072	9.49E-05	-1.04
9.50E-05	0.072	9.50E-05	-1.04
9.51E-05	0.064	9.51E-05	-1.04
9.52E-05	0.064	9.52E-05	-1.04
9.53E-05	0.056	9.53E-05	-1.08
9.54E-05	0.064	9.54E-05	-1.08
9.55E-05	0.064	9.55E-05	-1.08
9.56E-05	0.064	9.56E-05	-1.08
9.57E-05	0.048	9.57E-05	-1.08
9.58E-05	0.064	9.58E-05	-1.04
9.59E-05	0.064	9.59E-05	-1
9.60E-05	0.056	9.60E-05	-1.04
9.61E-05	0.056	9.61E-05	-1
9.62E-05	0.048	9.62E-05	-1.04
9.63E-05	0.048	9.63E-05	-1.08
9.64E-05	0.048	9.64E-05	-1.08
9.65E-05	0.048	9.65E-05	-1
9.66E-05	0.04	9.66E-05	-1.04
9.67E-05	0.048	9.67E-05	-1.04
9.68E-05	0.032	9.68E-05	-1.08
9.69E-05	0.04	9.69E-05	-1.08
9.70E-05	0.04	9.70E-05	-1.04
9.71E-05	0.032	9.71E-05	-1.04
9.72E-05	0.04	9.72E-05	-1.08
9.73E-05	0.032	9.73E-05	-1
9.74E-05	0.032	9.74E-05	-1.08
9.75E-05	0.024	9.75E-05	-1.04
9.76E-05	0.024	9.76E-05	-1.04
9.77E-05	0.032	9.77E-05	-1.04
9.78E-05	0.024	9.78E-05	-1.04
9.79E-05	0.024	9.79E-05	-1.08
9.80E-05	0.024	9.80E-05	-1
9.81E-05	0.024	9.81E-05	-1.04
9.82E-05	0.016	9.82E-05	-1.04
9.83E-05	0.008	9.83E-05	-1.04
9.84E-05	0.024	9.84E-05	-1.04
9.85E-05	0.016	9.85E-05	-1.04
9.86E-05	0.008	9.86E-05	-1.04
9.87E-05	0	9.87E-05	-1.04
9.88E-05	0.008	9.88E-05	-1.08
9.89E-05	0.008	9.89E-05	-1.08
9.90E-05	0	9.90E-05	-1.08
9.91E-05	0.008	9.91E-05	-1.04
9.92E-05	0	9.92E-05	-1.04
9.93E-05	-0.008	9.93E-05	-1.08
9.94E-05	0	9.94E-05	-1.08
9.95E-05	-0.008	9.95E-05	-1.08
9.96E-05	-0.008	9.96E-05	-1
9.97E-05	0	9.97E-05	-1.08
9.98E-05	0	9.98E-05	-1.08
9.99E-05	-0.016	9.99E-05	-1.08
0.0001	-0.016	0.0001	-1.04
0.0001	-0.016	0.0001	-1.08
0.0001	-0.016	0.0001	-1.04
0.0001	-0.016	0.0001	-1.08
0.0001	-0.024	0.0001	-1.08
0.0001	-0.016	0.0001	-1.08
0.000101	-0.016	0.000101	-1.04
0.000101	-0.016	0.000101	-1.08
0.000101	-0.024	0.000101	-1.08
0.000101	-0.024	0.000101	-1.04
0.000101	-0.032	0.000101	-1.12
0.000101	-0.032	0.000101	-1.08
0.000101	-0.024	0.000101	-1
0.000101	-0.04	0.000101	-1.08
0.000101	-0.032	0.000101	-1.08
0.000102	-0.032	0.000102	-1.08
0.000102	-0.04	0.000102	-1.08
0.000102	-0.032	0.000102	-1.04
0.000102	-0.04	0.000102	-1.04
0.000102	-0.04	0.000102	-1.04
0.000102	-0.048	0.000102	-1.08
0.000102	-0.056	0.000102	-1
0.000102	-0.048	0.000102	-1.04
0.000102	-0.048	0.000102	-1.08
0.000102	-0.04	0.000102	-1.04
0.000102	-0.048	0.000102	-1
0.000103	-0.048	0.000103	-1.04
0.000103	-0.056	0.000103	-1.08
0.000103	-0.056	0.000103	-1.08
0.000103	-0.056	0.000103	-1.04
0.000103	-0.056	0.000103	-1.04
0.000103	-0.064	0.000103	-1.04
0.000103	-0.056	0.000103	-1
0.000103	-0.064	0.000103	-1.04
0.000103	-0.072	0.000103	-1.04
0.000103	-0.064	0.000103	-1.08
0.000104	-0.072	0.000104	-1.04
0.000104	-0.072	0.000104	-1.08
0.000104	-0.072	0.000104	-1
0.000104	-0.072	0.000104	-1.08
0.000104	-0.08	0.000104	-1.04
0.000104	-0.072	0.000104	-1.04
0.000104	-0.08	0.000104	-1.04
0.000104	-0.072	0.000104	-1.04
0.000104	-0.072	0.000104	-1.08
0.000104	-0.08	0.000104	-1.08
0.000105	-0.08	0.000105	-1.04
0.000105	-0.08	0.000105	-1.08
0.000105	-0.08	0.000105	-1.04
0.000105	-0.088	0.000105	-1.04
0.000105	-0.088	0.000105	-1.04
0.000105	-0.088	0.000105	-1
0.000105	-0.096	0.000105	-1.04
0.000105	-0.096	0.000105	-1.08
0.000105	-0.096	0.000105	-1.12
0.000105	-0.088	0.000105	-1.08
0.000106	-0.088	0.000106	-1.08
0.000106	-0.096	0.000106	-1.04
0.000106	-0.104	0.000106	-1.04
0.000106	-0.112	0.000106	-1
0.000106	-0.104	0.000106	-1.04
0.000106	-0.104	0.000106	-1.08
0.000106	-0.104	0.000106	-1.08
0.000106	-0.096	0.000106	-1.04
0.000106	-0.112	0.000106	-1
0.000107	-0.112	0.000107	-1.08
0.000107	-0.112	0.000107	-1.04
0.000107	-0.128	0.000107	-1.04
0.000107	-0.112	0.000107	-1.04
0.000107	-0.12	0.000107	-1.04
0.000107	-0.112	0.000107	-1.08
0.000107	-0.12	0.000107	-1.12
0.000107	-0.12	0.000107	-1
0.000107	-0.128	0.000107	-1.04
0.000107	-0.12	0.000107	-1.04
0.000107	-0.128	0.000107	-1.08
0.000108	-0.128	0.000108	-1.04
0.000108	-0.128	0.000108	-1.04
0.000108	-0.12	0.000108	-1.04
0.000108	-0.128	0.000108	-1.08
0.000108	-0.128	0.000108	-1.04
0.000108	-0.128	0.000108	-1.04
0.000108	-0.136	0.000108	-1.04
0.000108	-0.128	0.000108	-1.08
0.000108	-0.136	0.000108	-1.04
0.000108	-0.136	0.000108	-1.08
0.000109	-0.136	0.000109	-1.12
0.000109	-0.128	0.000109	-1.12
0.000109	-0.144	0.000109	-1.12
0.000109	-0.144	0.000109	-1.04
0.000109	-0.144	0.000109	-1.08
0.000109	-0.144	0.000109	-1.08
0.000109	-0.144	0.000109	-1.04
0.000109	-0.144	0.000109	-1.08
0.000109	-0.152	0.000109	-1.08
0.000109	-0.152	0.000109	-1.04
0.00011	-0.152	0.00011	-1.08
0.00011	-0.16	0.00011	-1.04
0.00011	-0.152	0.00011	-1.12
0.00011	-0.144	0.00011	-1.04
0.00011	-0.152	0.00011	-1.04
0.00011	-0.16	0.00011	-1.04
0.00011	-0.16	0.00011	-1.04
0.00011	-0.16	0.00011	-1.08
0.00011	-0.152	0.00011	-1.08
0.00011	-0.16	0.00011	-1.04
0.000111	-0.168	0.000111	-1.08
0.000111	-0.16	0.000111	-1.04
0.000111	-0.168	0.000111	-1.04
0.000111	-0.16	0.000111	-1.08
0.000111	-0.168	0.000111	-1.08
0.000111	-0.168	0.000111	-1.04
0.000111	-0.184	0.000111	-1.04
0.000111	-0.168	0.000111	-1.08
0.000111	-0.168	0.000111	-1.04
0.000111	-0.168	0.000111	-1.08
0.000112	-0.184	0.000112	-1.08
0.000112	-0.184	0.000112	-1.04
0.000112	-0.176	0.000112	-1.08
0.000112	-0.176	0.000112	-1.08
0.000112	-0.184	0.000112	-1.04
0.000112	-0.184	0.000112	0.92
0.000112	-0.192	0.000112	0.96
0.000112	-0.168	0.000112	0.96
0.000112	-0.168	0.000112	0.96
0.000112	-0.16	0.000112	0.96
0.000113	-0.168	0.000113	1
0.000113	-0.16	0.000113	0.92
0.000113	-0.168	0.000113	0.96
0.000113	-0.16	0.000113	0.96
0.000113	-0.16	0.000113	0.96
0.000113	-0.16	0.000113	0.96
0.000113	-0.168	0.000113	0.96
0.000113	-0.152	0.000113	0.96
0.000113	-0.144	0.000113	0.92
0.000113	-0.144	0.000113	0.96
0.000114	-0.144	0.000114	0.92
0.000114	-0.152	0.000114	0.96
0.000114	-0.152	0.000114	0.96
0.000114	-0.152	0.000114	0.96
0.000114	-0.136	0.000114	0.96
0.000114	-0.136	0.000114	1
0.000114	-0.128	0.000114	0.96
0.000114	-0.136	0.000114	0.96
0.000114	-0.12	0.000114	0.96
0.000114	-0.12	0.000114	0.96
0.000115	-0.128	0.000115	0.96
0.000115	-0.128	0.000115	0.96
0.000115	-0.128	0.000115	1
0.000115	-0.128	0.000115	0.92
0.000115	-0.12	0.000115	0.96
0.000115	-0.12	0.000115	0.96
0.000115	-0.12	0.000115	1
0.000115	-0.104	0.000115	0.96
0.000115	-0.104	0.000115	0.96
0.000115	-0.112	0.000115	0.96
0.000116	-0.104	0.000116	0.96
0.000116	-0.104	0.000116	0.96
0.000116	-0.104	0.000116	1
0.000116	-0.104	0.000116	0.96
0.000116	-0.104	0.000116	0.96
0.000116	-0.096	0.000116	0.96
0.000116	-0.088	0.000116	0.96
0.000116	-0.096	0.000116	0.96
0.000116	-0.096	0.000116	0.96
0.000116	-0.096	0.000116	0.96
0.000117	-0.104	0.000117	0.96
0.000117	-0.088	0.000117	0.96
0.000117	-0.08	0.000117	0.96
0.000117	-0.08	0.000117	0.96
0.000117	-0.08	0.000117	0.96
0.000117	-0.08	0.000117	0.96
0.000117	-0.072	0.000117	1
0.000117	-0.08	0.000117	1
0.000117	-0.072	0.000117	0.96
0.000117	-0.072	0.000117	0.96
0.000118	-0.08	0.000118	1
0.000118	-0.064	0.000118	1
0.000118	-0.064	0.000118	1
0.000118	-0.072	0.000118	0.96
0.000118	-0.064	0.000118	1
0.000118	-0.064	0.000118	0.96
0.000118	-0.064	0.000118	0.96
0.000118	-0.064	0.000118	0.92
0.000118	-0.056	0.000118	0.96
0.000118	-0.056	0.000118	0.96
0.000119	-0.048	0.000119	0.96
0.000119	-0.048	0.000119	0.96
0.000119	-0.048	0.000119	0.96
0.000119	-0.048	0.000119	0.96
0.000119	-0.04	0.000119	0.92
0.000119	-0.048	0.000119	0.96
0.000119	-0.04	0.000119	0.96
0.000119	-0.04	0.000119	0.96
0.000119	-0.04	0.000119	1
0.000119	-0.04	0.000119	1
0.00012	-0.032	0.00012	1
0.00012	-0.032	0.00012	0.96
0.00012	-0.04	0.00012	0.96
0.00012	-0.04	0.00012	0.96
0.00012	-0.032	0.00012	1
0.00012	-0.032	0.00012	0.96
0.00012	-0.024	0.00012	0.96
0.00012	-0.024	0.00012	0.92
0.00012	-0.024	0.00012	0.96
0.00012	-0.016	0.00012	0.96
0.000121	-0.024	0.000121	0.96
0.000121	-0.016	0.000121	1
0.000121	-0.008	0.000121	0.96
0.000121	-0.008	0.000121	0.96
0.000121	0	0.000121	1
0.000121	-0.016	0.000121	0.96
0.000121	-0.008	0.000121	0.92
0.000121	-0.016	0.000121	0.96
0.000121	-0.008	0.000121	0.96
0.000121	-0.008	0.000121	0.96
0.000122	0	0.000122	0.96
0.000122	-0.008	0.000122	1
0.000122	0	0.000122	0.96
0.000122	0	0.000122	0.96
0.000122	0.008	0.000122	0.96
0.000122	0.008	0.000122	0.96
0.000122	0.016	0.000122	0.96
0.000122	0.008	0.000122	0.92
0.000122	0.008	0.000122	0.96
0.000122	0.016	0.000122	1
0.000123	0.024	0.000123	0.92
0.000123	0.016	0.000123	1
0.000123	0.016	0.000123	0.96
0.000123	0.008	0.000123	0.96
0.000123	0.016	0.000123	0.96
0.000123	0.024	0.000123	0.96
0.000123	0.024	0.000123	1
0.000123	0.024	0.000123	1
0.000123	0.032	0.000123	0.96
0.000123	0.032	0.000123	0.96
0.000124	0.032	0.000124	0.96
0.000124	0.04	0.000124	0.96
0.000124	0.04	0.000124	0.96
0.000124	0.032	0.000124	0.96
0.000124	0.04	0.000124	0.96
0.000124	0.04	0.000124	0.96
0.000124	0.04	0.000124	1
0.000124	0.04	0.000124	1
0.000124	0.048	0.000124	0.96
0.000124	0.048	0.000124	1
0.000125	0.048	0.000125	0.96
0.000125	0.056	0.000125	0.96
0.000125	0.048	0.000125	0.96
0.000125	0.048	0.000125	1
0.000125	0.04	0.000125	0.96
0.000125	0.064	0.000125	1
0.000125	0.056	0.000125	0.96
0.000125	0.048	0.000125	0.96
0.000125	0.064	0.000125	0.92
0.000125	0.064	0.000125	0.96
0.000126	0.064	0.000126	1
0.000126	0.064	0.000126	0.96
0.000126	0.056	0.000126	1
0.000126	0.08	0.000126	1
0.000126	0.072	0.000126	1
0.000126	0.08	0.000126	0.96
0.000126	0.072	0.000126	0.96
0.000126	0.072	0.000126	0.96
0.000126	0.072	0.000126	0.96
0.000126	0.072	0.000126	0.96
0.000127	0.08	0.000127	1
0.000127	0.08	0.000127	0.96
0.000127	0.088	0.000127	0.96
0.000127	0.088	0.000127	0.92
0.000127	0.088	0.000127	0.96
0.000127	0.088	0.000127	0.96
0.000127	0.088	0.000127	0.96
0.000127	0.08	0.000127	0.96
0.000127	0.096	0.000127	1
0.000127	0.088	0.000127	0.96
0.000128	0.088	0.000128	0.96
0.000128	0.096	0.000128	0.96
0.000128	0.096	0.000128	0.96
0.000128	0.096	0.000128	1
0.000128	0.088	0.000128	0.96
0.000128	0.096	0.000128	0.92
0.000128	0.104	0.000128	0.96
0.000128	0.104	0.000128	1
0.000128	0.104	0.000128	0.96
0.000129	0.112	0.000129	0.96
0.000129	0.112	0.000129	0.96
0.000129	0.112	0.000129	0.96
0.000129	0.112	0.000129	0.96
0.000129	0.112	0.000129	1
0.000129	0.112	0.000129	0.96
0.000129	0.12	0.000129	0.96
0.000129	0.12	0.000129	0.92
0.000129	0.12	0.000129	0.96
0.000129	0.12	0.000129	1
0.00013	0.128	0.00013	0.96
0.00013	0.128	0.00013	0.96
0.00013	0.12	0.00013	0.96
0.00013	0.128	0.00013	0.96
0.00013	0.136	0.00013	1
0.00013	0.136	0.00013	1.04
0.00013	0.128	0.00013	0.96
0.00013	0.136	0.00013	0.96
0.00013	0.128	0.00013	0.96
0.00013	0.128	0.00013	1
0.000131	0.144	0.000131	0.96
0.000131	0.136	0.000131	1
0.000131	0.144	0.000131	0.92
0.000131	0.144	0.000131	1
0.000131	0.144	0.000131	0.96
0.000131	0.136	0.000131	0.96
0.000131	0.144	0.000131	1
0.000131	0.144	0.000131	0.96
0.000131	0.144	0.000131	0.92
0.000131	0.152	0.000131	0.96
0.000131	0.16	0.000131	1
0.000132	0.16	0.000132	0.96
0.000132	0.152	0.000132	0.96
0.000132	0.16	0.000132	0.96
0.000132	0.152	0.000132	0.96
0.000132	0.16	0.000132	1
0.000132	0.152	0.000132	1
0.000132	0.168	0.000132	1
0.000132	0.168	0.000132	1
0.000132	0.168	0.000132	0.96
0.000132	0.176	0.000132	0.96
0.000133	0.168	0.000133	1
0.000133	0.168	0.000133	0.96
0.000133	0.168	0.000133	0.96
0.000133	0.16	0.000133	1
0.000133	0.16	0.000133	0.96
0.000133	0.168	0.000133	0.96
0.000133	0.176	0.000133	1
0.000133	0.184	0.000133	0.96
0.000133	0.176	0.000133	0.96
0.000133	0.176	0.000133	1
0.000134	0.168	0.000134	0.96
0.000134	0.176	0.000134	1
0.000134	0.184	0.000134	0.96
0.000134	0.184	0.000134	1
0.000134	0.184	0.000134	1
0.000134	0.184	0.000134	1.04
0.000134	0.192	0.000134	0.96
0.000134	0.192	0.000134	1
0.000134	0.192	0.000134	0.96
0.000134	0.2	0.000134	1
0.000135	0.192	0.000135	0.96
0.000135	0.184	0.000135	1
0.000135	0.192	0.000135	0.92
0.000135	0.2	0.000135	0.96
0.000135	0.2	0.000135	0.96
0.000135	0.2	0.000135	0.96
0.000135	0.2	0.000135	0.96
0.000135	0.192	0.000135	0.96
0.000135	0.192	0.000135	0.96
0.000135	0.2	0.000135	0.96
0.000136	0.2	0.000136	1
0.000136	0.216	0.000136	1
0.000136	0.216	0.000136	0.96
0.000136	0.208	0.000136	0.96
0.000136	0.208	0.000136	0.92
0.000136	0.208	0.000136	1
0.000136	0.216	0.000136	0.96
0.000136	0.216	0.000136	0.92
0.000136	0.216	0.000136	0.96
0.000136	0.216	0.000136	0.96
0.000137	0.224	0.000137	1
0.000137	0.224	0.000137	1
0.000137	0.216	0.000137	0.96
0.000137	0.216	0.000137	1
0.000137	0.232	0.000137	1
0.000137	0.224	0.000137	-1.04
0.000137	0.24	0.000137	-1.08
0.000137	0.216	0.000137	-1.04
0.000137	0.216	0.000137	-1.08
0.000137	0.224	0.000137	-1.08
0.000138	0.216	0.000138	-1.04
0.000138	0.216	0.000138	-1.08
0.000138	0.208	0.000138	-1.08
0.000138	0.2	0.000138	-1.04
0.000138	0.2	0.000138	-1.04
0.000138	0.208	0.000138	-1.04
0.000138	0.2	0.000138	-1.04
0.000138	0.192	0.000138	-1.12
0.000138	0.2	0.000138	-1.08
0.000139	0.192	0.000139	-1.08
0.000139	0.192	0.000139	-1.08
0.000139	0.184	0.000139	-1.08
0.000139	0.184	0.000139	-1.08
0.000139	0.184	0.000139	-1.04
0.000139	0.184	0.000139	-1.04
0.000139	0.184	0.000139	-1.08
0.000139	0.184	0.000139	-1
0.000139	0.176	0.000139	-1.04
0.000139	0.176	0.000139	-1.04
0.00014	0.16	0.00014	-1.08
0.00014	0.176	0.00014	-1.08
0.00014	0.16	0.00014	-1.08
0.00014	0.168	0.00014	-1.04
0.00014	0.168	0.00014	-1.08
0.00014	0.168	0.00014	-1.08
0.00014	0.168	0.00014	-1.04
0.00014	0.16	0.00014	-1
0.00014	0.152	0.00014	-1.04
0.00014	0.152	0.00014	-1.04
0.00014	0.152	0.00014	-1.04
0.000141	0.152	0.000141	-1.04
0.000141	0.144	0.000141	-1.04
0.000141	0.152	0.000141	-1.04
0.000141	0.144	0.000141	-1.08
0.000141	0.144	0.000141	-1.04
0.000141	0.136	0.000141	-1.04
0.000141	0.144	0.000141	-1.08
0.000141	0.136	0.000141	-1.04
0.000141	0.136	0.000141	-1.04
0.000141	0.136	0.000141	-1.04
0.000142	0.136	0.000142	-1.04
0.000142	0.136	0.000142	-1.08
0.000142	0.12	0.000142	-1.04
0.000142	0.128	0.000142	-1.08
0.000142	0.128	0.000142	-1.08
0.000142	0.128	0.000142	-1.04
0.000142	0.112	0.000142	-1.08
0.000142	0.12	0.000142	-1.04
0.000142	0.12	0.000142	-1.08
0.000142	0.112	0.000142	-1.08
0.000143	0.12	0.000143	-1.08
0.000143	0.104	0.000143	-1.04
0.000143	0.104	0.000143	-1.04
0.000143	0.096	0.000143	-1.04
0.000143	0.104	0.000143	-1.04
0.000143	0.104	0.000143	-1.04
0.000143	0.096	0.000143	-1.08
0.000143	0.112	0.000143	-1.04
0.000143	0.096	0.000143	-1.04
0.000143	0.096	0.000143	-1.08
0.000144	0.096	0.000144	-1.04
0.000144	0.096	0.000144	-1
0.000144	0.088	0.000144	-1.04
0.000144	0.088	0.000144	-1.04
0.000144	0.088	0.000144	-1.04
0.000144	0.096	0.000144	-1.04
0.000144	0.08	0.000144	-1.04
0.000144	0.088	0.000144	-1.12
0.000144	0.08	0.000144	-1.04
0.000144	0.072	0.000144	-1.04
0.000145	0.08	0.000145	-1
0.000145	0.08	0.000145	-1.04
0.000145	0.072	0.000145	-1.08
0.000145	0.072	0.000145	-1.12
0.000145	0.08	0.000145	-1.04
0.000145	0.064	0.000145	-1.08
0.000145	0.064	0.000145	-1.04
0.000145	0.064	0.000145	-1.04
0.000145	0.064	0.000145	-1.08
0.000145	0.056	0.000145	-1.08
0.000146	0.056	0.000146	-1.04
0.000146	0.056	0.000146	-1.08
0.000146	0.056	0.000146	-1.08
0.000146	0.056	0.000146	-1.08
0.000146	0.048	0.000146	-1.04
0.000146	0.048	0.000146	-1.04
0.000146	0.056	0.000146	-1.04
0.000146	0.048	0.000146	-1.04
0.000146	0.04	0.000146	-1.04
0.000146	0.048	0.000146	-1.08
0.000147	0.04	0.000147	-1.04
0.000147	0.04	0.000147	-1.12
0.000147	0.04	0.000147	-1.04
0.000147	0.04	0.000147	-1.04
0.000147	0.04	0.000147	-1.08
0.000147	0.04	0.000147	-1.08
0.000147	0.032	0.000147	-1.04
0.000147	0.024	0.000147	-1.04
0.000147	0.032	0.000147	-1.12
0.000147	0.024	0.000147	-1
0.000148	0.024	0.000148	-1.04
0.000148	0.024	0.000148	-1.08
0.000148	0.016	0.000148	-1
0.000148	0.024	0.000148	-1.04
0.000148	0.016	0.000148	-1.08
0.000148	0.016	0.000148	-1.04
0.000148	0.024	0.000148	-1.08
0.000148	0.016	0.000148	-1.08
0.000148	0.016	0.000148	-1.08
0.000149	0.008	0.000149	-1.08
0.000149	0.016	0.000149	-1.04
0.000149	0.016	0.000149	-1.08
0.000149	0	0.000149	-1.04
0.000149	0.008	0.000149	-1.08
0.000149	0.008	0.000149	-1.12
0.000149	0	0.000149	-1.04
0.000149	0	0.000149	-1.04
0.000149	0	0.000149	-1.04
0.000149	-0.008	0.000149	-1.08
0.00015	0	0.00015	-1.08
0.00015	-0.008	0.00015	-1.04
0.00015	0	0.00015	-1.04
0.00015	-0.008	0.00015	-1.04
0.00015	0	0.00015	-1.12
0.00015	-0.008	0.00015	-1.08
0.00015	-0.016	0.00015	-1
0.00015	-0.008	0.00015	-1.08
0.00015	-0.024	0.00015	-1.04
0.00015	-0.016	0.00015	-1
0.00015	-0.024	0.00015	-1.12
0.000151	-0.024	0.000151	-1.04
0.000151	-0.016	0.000151	-1.04
0.000151	-0.024	0.000151	-1.08
0.000151	-0.032	0.000151	-1.08
0.000151	-0.024	0.000151	-1.04
0.000151	-0.032	0.000151	-1.08
0.000151	-0.024	0.000151	-1.08
0.000151	-0.032	0.000151	-1.04
0.000151	-0.032	0.000151	-1.08
0.000151	-0.032	0.000151	-1.08
0.000152	-0.04	0.000152	-1.04
0.000152	-0.032	0.000152	-1.04
0.000152	-0.032	0.000152	-1.08
0.000152	-0.04	0.000152	-1.08
0.000152	-0.032	0.000152	-1.08
0.000152	-0.032	0.000152	-1.04
0.000152	-0.04	0.000152	-1.04
0.000152	-0.032	0.000152	-1.08
0.000152	-0.04	0.000152	-1.08
0.000152	-0.056	0.000152	-1.08
0.000153	-0.056	0.000153	-1.08
0.000153	-0.056	0.000153	-1.04
0.000153	-0.056	0.000153	-1.04
0.000153	-0.064	0.000153	-1.08
0.000153	-0.056	0.000153	-1.04
0.000153	-0.056	0.000153	-1.04
0.000153	-0.064	0.000153	-1.08
0.000153	-0.056	0.000153	-1.04
0.000153	-0.072	0.000153	-1.08
0.000153	-0.064	0.000153	-1.08
0.000154	-0.072	0.000154	-1.08
0.000154	-0.064	0.000154	-1.08
0.000154	-0.064	0.000154	-1.04
0.000154	-0.072	0.000154	-1
0.000154	-0.072	0.000154	-1.04
0.000154	-0.064	0.000154	-1.08
0.000154	-0.08	0.000154	-1.08
0.000154	-0.072	0.000154	-1.08
0.000154	-0.088	0.000154	-1.04
0.000154	-0.072	0.000154	-1.08
0.000155	-0.088	0.000155	-1.04
0.000155	-0.096	0.000155	-1.08
0.000155	-0.088	0.000155	-1.12
0.000155	-0.08	0.000155	-1.04
0.000155	-0.088	0.000155	-1.04
0.000155	-0.08	0.000155	-1.04
0.000155	-0.088	0.000155	-1.04
0.000155	-0.088	0.000155	-1.04
0.000155	-0.096	0.000155	-1
0.000155	-0.088	0.000155	-1.04
0.000156	-0.096	0.000156	-1.04
0.000156	-0.096	0.000156	-1.08
0.000156	-0.096	0.000156	-1.08
0.000156	-0.096	0.000156	-1.04
0.000156	-0.104	0.000156	-1.04
0.000156	-0.104	0.000156	-1.08
0.000156	-0.112	0.000156	-1.08
0.000156	-0.104	0.000156	-1.08
0.000156	-0.104	0.000156	-1.04
0.000156	-0.104	0.000156	-1.08
0.000157	-0.104	0.000157	-1.12
0.000157	-0.112	0.000157	-1.08
0.000157	-0.112	0.000157	-1.08
0.000157	-0.12	0.000157	-1.08
0.000157	-0.104	0.000157	-1.08
0.000157	-0.12	0.000157	-1
0.000157	-0.12	0.000157	-1
0.000157	-0.112	0.000157	-1.12
0.000157	-0.12	0.000157	-1
0.000157	-0.12	0.000157	-1.08
0.000158	-0.128	0.000158	-1.04
0.000158	-0.136	0.000158	-1.04
0.000158	-0.128	0.000158	-1.08
0.000158	-0.12	0.000158	-1.08
0.000158	-0.128	0.000158	-1.08
0.000158	-0.136	0.000158	-1.04
0.000158	-0.128	0.000158	-1.08
0.000158	-0.128	0.000158	-1.12
0.000158	-0.136	0.000158	-1.08
0.000159	-0.136	0.000159	-1.08
0.000159	-0.136	0.000159	-1.08
0.000159	-0.136	0.000159	-1.04
0.000159	-0.144	0.000159	-1.08
0.000159	-0.152	0.000159	-1.08
0.000159	-0.144	0.000159	-1.08
0.000159	-0.144	0.000159	-1.08
0.000159	-0.144	0.000159	-1.08
0.000159	-0.144	0.000159	-1.16
0.000159	-0.144	0.000159	-1.12
0.00016	-0.152	0.00016	-1.08
0.00016	-0.144	0.00016	-1.08
0.00016	-0.144	0.00016	-1.08
0.00016	-0.152	0.00016	-1.08
0.00016	-0.144	0.00016	-1.08
0.00016	-0.152	0.00016	-1.04
0.00016	-0.16	0.00016	-1.08
0.00016	-0.16	0.00016	-1.04
0.00016	-0.152	0.00016	-1.04
0.00016	-0.16	0.00016	-1.12
0.00016	-0.168	0.00016	-1.04
0.000161	-0.16	0.000161	-1.08
0.000161	-0.176	0.000161	-1.08
0.000161	-0.16	0.000161	-1.08
0.000161	-0.168	0.000161	-1.04
0.000161	-0.168	0.000161	-1.08
0.000161	-0.176	0.000161	-1.04
0.000161	-0.16	0.000161	-1.04
0.000161	-0.168	0.000161	-1.04
0.000161	-0.168	0.000161	-1.12
0.000161	-0.176	0.000161	-1.04
0.000162	-0.184	0.000162	-1.08
0.000162	-0.184	0.000162	-1.08
0.000162	-0.176	0.000162	-1.04
0.000162	-0.184	0.000162	-1.04
0.000162	-0.184	0.000162	-1.08
0.000162	-0.184	0.000162	0.96
0.000162	-0.184	0.000162	0.92
0.000162	-0.184	0.000162	0.96
0.000162	-0.168	0.000162	0.92
0.000162	-0.168	0.000162	0.96
0.000163	-0.168	0.000163	0.96
0.000163	-0.168	0.000163	0.96
0.000163	-0.168	0.000163	0.96
0.000163	-0.152	0.000163	0.96
0.000163	-0.152	0.000163	0.96
0.000163	-0.16	0.000163	0.92
0.000163	-0.16	0.000163	0.96
0.000163	-0.152	0.000163	0.96
0.000163	-0.16	0.000163	1
0.000163	-0.152	0.000163	0.96
0.000164	-0.136	0.000164	0.92
0.000164	-0.144	0.000164	0.96
0.000164	-0.144	0.000164	0.96
0.000164	-0.144	0.000164	0.92
0.000164	-0.136	0.000164	0.96
0.000164	-0.136	0.000164	0.96
0.000164	-0.136	0.000164	0.96
0.000164	-0.136	0.000164	0.96
0.000164	-0.136	0.000164	0.92
0.000164	-0.128	0.000164	0.96
0.000165	-0.136	0.000165	0.96
0.000165	-0.12	0.000165	0.96
0.000165	-0.128	0.000165	0.96
0.000165	-0.12	0.000165	0.92
0.000165	-0.128	0.000165	0.96
0.000165	-0.12	0.000165	0.96
0.000165	-0.12	0.000165	0.96
0.000165	-0.112	0.000165	0.96
0.000165	-0.112	0.000165	0.96
0.000165	-0.104	0.000165	1
0.000166	-0.112	0.000166	0.96
0.000166	-0.104	0.000166	0.96
0.000166	-0.104	0.000166	1
0.000166	-0.104	0.000166	1
0.000166	-0.096	0.000166	0.96
0.000166	-0.104	0.000166	0.92
0.000166	-0.096	0.000166	0.96
0.000166	-0.096	0.000166	0.96
0.000166	-0.088	0.000166	0.96
0.000166	-0.088	0.000166	0.96
0.000167	-0.08	0.000167	0.96
0.000167	-0.088	0.000167	0.96
0.000167	-0.08	0.000167	0.96
0.000167	-0.08	0.000167	1
0.000167	-0.08	0.000167	0.96
0.000167	-0.08	0.000167	0.96
0.000167	-0.072	0.000167	0.96
0.000167	-0.08	0.000167	0.96
0.000167	-0.072	0.000167	0.96
0.000168	-0.08	0.000168	0.96
0.000168	-0.072	0.000168	0.96
0.000168	-0.072	0.000168	0.92
0.000168	-0.064	0.000168	0.96
0.000168	-0.064	0.000168	0.96
0.000168	-0.056	0.000168	0.92
0.000168	-0.064	0.000168	0.96
0.000168	-0.056	0.000168	0.92
0.000168	-0.056	0.000168	0.96
0.000168	-0.056	0.000168	1
0.000169	-0.048	0.000169	1
0.000169	-0.056	0.000169	1
0.000169	-0.056	0.000169	0.96
0.000169	-0.048	0.000169	0.96
0.000169	-0.04	0.000169	0.96
0.000169	-0.048	0.000169	0.92
0.000169	-0.048	0.000169	0.92
0.000169	-0.048	0.000169	0.92
0.000169	-0.048	0.000169	0.96
0.000169	-0.04	0.000169	0.96
0.000169	-0.04	0.000169	0.96
0.00017	-0.032	0.00017	1
0.00017	-0.024	0.00017	0.96
0.00017	-0.032	0.00017	0.96
0.00017	-0.032	0.00017	0.96
0.00017	-0.024	0.00017	0.96
0.00017	-0.032	0.00017	0.92
0.00017	-0.016	0.00017	1
0.00017	-0.016	0.00017	0.96
0.00017	-0.016	0.00017	0.96
0.00017	-0.008	0.00017	0.96
0.000171	-0.024	0.000171	0.92
0.000171	-0.016	0.000171	0.96
0.000171	-0.024	0.000171	0.96
0.000171	-0.024	0.000171	0.92
0.000171	-0.024	0.000171	0.92
0.000171	-0.008	0.000171	0.96
0.000171	-0.008	0.000171	0.92
0.000171	0	0.000171	0.96
0.000171	-0.008	0.000171	0.96
0.000171	-0.008	0.000171	0.96
0.000172	-0.008	0.000172	0.96
0.000172	0	0.000172	0.96
0.000172	0	0.000172	1
0.000172	0.008	0.000172	0.96
0.000172	0.016	0.000172	1
0.000172	0.016	0.000172	0.96
0.000172	0.008	0.000172	0.96
0.000172	0.008	0.000172	1
0.000172	0.016	0.000172	0.96
0.000172	0.008	0.000172	0.96
0.000173	0.016	0.000173	1
0.000173	0.008	0.000173	1
0.000173	0.016	0.000173	0.96
0.000173	0.024	0.000173	0.96
0.000173	0.024	0.000173	0.96
0.000173	0.024	0.000173	1
0.000173	0.024	0.000173	0.96
0.000173	0.024	0.000173	0.96
0.000173	0.032	0.000173	0.96
0.000173	0.024	0.000173	0.96
0.000174	0.032	0.000174	0.96
0.000174	0.04	0.000174	1
0.000174	0.04	0.000174	0.92
0.000174	0.04	0.000174	0.96
0.000174	0.04	0.000174	0.96
0.000174	0.032	0.000174	1
0.000174	0.032	0.000174	1
0.000174	0.032	0.000174	1
0.000174	0.048	0.000174	1
0.000174	0.048	0.000174	1
0.000175	0.048	0.000175	0.96
0.000175	0.048	0.000175	1
0.000175	0.056	0.000175	0.96
0.000175	0.048	0.000175	0.96
0.000175	0.04	0.000175	1
0.000175	0.064	0.000175	1
0.000175	0.056	0.000175	0.96
0.000175	0.056	0.000175	1
0.000175	0.048	0.000175	0.96
0.000175	0.064	0.000175	1
0.000176	0.064	0.000176	0.96
0.000176	0.064	0.000176	1
0.000176	0.072	0.000176	0.96
0.000176	0.064	0.000176	0.96
0.000176	0.064	0.000176	0.96
0.000176	0.072	0.000176	1
0.000176	0.072	0.000176	0.96
0.000176	0.08	0.000176	1
0.000176	0.08	0.000176	0.96
0.000176	0.08	0.000176	0.96
0.000177	0.08	0.000177	1
0.000177	0.08	0.000177	1
0.000177	0.08	0.000177	0.96
0.000177	0.088	0.000177	1
0.000177	0.088	0.000177	0.96
0.000177	0.088	0.000177	0.96
0.000177	0.08	0.000177	1
0.000177	0.08	0.000177	1
0.000177	0.088	0.000177	0.96
0.000178	0.088	0.000178	1
0.000178	0.088	0.000178	0.96
0.000178	0.104	0.000178	0.96
0.000178	0.096	0.000178	0.96
0.000178	0.096	0.000178	0.92
0.000178	0.096	0.000178	1
0.000178	0.096	0.000178	0.96
0.000178	0.104	0.000178	1
0.000178	0.104	0.000178	1
0.000178	0.104	0.000178	1
0.000179	0.104	0.000179	0.96
0.000179	0.104	0.000179	1
0.000179	0.104	0.000179	0.96
0.000179	0.112	0.000179	1
0.000179	0.112	0.000179	1
0.000179	0.12	0.000179	0.96
0.000179	0.112	0.000179	0.96
0.000179	0.112	0.000179	0.96
0.000179	0.12	0.000179	0.96
0.000179	0.128	0.000179	0.96
0.000179	0.128	0.000179	1.04
0.00018	0.12	0.00018	0.96
0.00018	0.128	0.00018	0.96
0.00018	0.128	0.00018	1
0.00018	0.128	0.00018	0.96
0.00018	0.128	0.00018	1
0.00018	0.136	0.00018	1
0.00018	0.136	0.00018	1
0.00018	0.136	0.00018	0.96
0.00018	0.136	0.00018	1
0.00018	0.128	0.00018	0.96
0.000181	0.136	0.000181	0.96
0.000181	0.136	0.000181	1
0.000181	0.128	0.000181	0.96
0.000181	0.136	0.000181	0.96
0.000181	0.144	0.000181	0.92
0.000181	0.144	0.000181	0.96
0.000181	0.144	0.000181	0.96
0.000181	0.16	0.000181	0.96
0.000181	0.144	0.000181	1
0.000181	0.152	0.000181	0.92
0.000182	0.16	0.000182	0.96
0.000182	0.16	0.000182	1
0.000182	0.152	0.000182	0.96
0.000182	0.16	0.000182	0.96
0.000182	0.16	0.000182	0.92
0.000182	0.16	0.000182	1
0.000182	0.16	0.000182	0.96
0.000182	0.16	0.000182	0.96
0.000182	0.16	0.000182	1
0.000182	0.16	0.000182	0.96
0.000183	0.16	0.000183	0.96
0.000183	0.168	0.000183	1
0.000183	0.176	0.000183	0.92
0.000183	0.176	0.000183	1
0.000183	0.168	0.000183	0.96
0.000183	0.168	0.000183	1
0.000183	0.176	0.000183	0.96
0.000183	0.176	0.000183	1
0.000183	0.168	0.000183	0.96
0.000183	0.184	0.000183	1
0.000184	0.176	0.000184	1
0.000184	0.184	0.000184	0.96
0.000184	0.184	0.000184	0.96
0.000184	0.184	0.000184	0.96
0.000184	0.176	0.000184	1
0.000184	0.184	0.000184	1
0.000184	0.184	0.000184	1
0.000184	0.192	0.000184	0.96
0.000184	0.184	0.000184	1
0.000184	0.192	0.000184	0.96
0.000185	0.192	0.000185	0.96
0.000185	0.2	0.000185	0.96
0.000185	0.192	0.000185	0.96
0.000185	0.192	0.000185	1
0.000185	0.184	0.000185	0.96
0.000185	0.2	0.000185	1
0.000185	0.2	0.000185	0.96
0.000185	0.216	0.000185	0.92
0.000185	0.208	0.000185	1
0.000185	0.216	0.000185	0.96
0.000186	0.208	0.000186	0.96
0.000186	0.216	0.000186	0.96
0.000186	0.208	0.000186	0.96
0.000186	0.2	0.000186	0.96
0.000186	0.208	0.000186	1
0.000186	0.216	0.000186	0.96
0.000186	0.216	0.000186	0.92
0.000186	0.224	0.000186	0.96
0.000186	0.216	0.000186	0.96
0.000186	0.216	0.000186	0.96
0.000187	0.208	0.000187	1
0.000187	0.232	0.000187	0.92
0.000187	0.216	0.000187	1
0.000187	0.224	0.000187	0.96
0.000187	0.224	0.000187	0.92
0.000187	0.232	0.000187	-1.04
0.000187	0.24	0.000187	-1.04
0.000187	0.216	0.000187	-1.04
0.000187	0.216	0.000187	-1.04
0.000188	0.216	0.000188	-1.04
0.000188	0.216	0.000188	-1
0.000188	0.208	0.000188	-1.08
0.000188	0.208	0.000188	-1.04
0.000188	0.208	0.000188	-1.12
0.000188	0.208	0.000188	-1.08
0.000188	0.2	0.000188	-1.04
0.000188	0.184	0.000188	-1.04
0.000188	0.2	0.000188	-1.08
0.000188	0.192	0.000188	-1.04
0.000189	0.184	0.000189	-1
0.000189	0.184	0.000189	-1.04
0.000189	0.192	0.000189	-1
0.000189	0.192	0.000189	-1.08
0.000189	0.184	0.000189	-1.08
0.000189	0.176	0.000189	-1.12
0.000189	0.184	0.000189	-1.08
0.000189	0.176	0.000189	-1
0.000189	0.176	0.000189	-1.04
0.000189	0.176	0.000189	-1.04
0.000189	0.184	0.000189	-1.08
0.00019	0.176	0.00019	-1.08
0.00019	0.168	0.00019	-1
0.00019	0.16	0.00019	-1.08
0.00019	0.176	0.00019	-1.04
0.00019	0.168	0.00019	-1
0.00019	0.152	0.00019	-1.08
0.00019	0.16	0.00019	-1.04
0.00019	0.16	0.00019	-1.04
0.00019	0.16	0.00019	-1.12
0.00019	0.152	0.00019	-1.08
0.000191	0.144	0.000191	-1.04
0.000191	0.144	0.000191	-1.08
0.000191	0.144	0.000191	-1.04
0.000191	0.152	0.000191	-1.04
0.000191	0.144	0.000191	-1.08
0.000191	0.136	0.000191	-1.04
0.000191	0.144	0.000191	-1.04
0.000191	0.136	0.000191	-1.08
0.000191	0.144	0.000191	-1.08
0.000191	0.136	0.000191	-1.04
0.000192	0.136	0.000192	-1
0.000192	0.128	0.000192	-1.08
0.000192	0.128	0.000192	-1.04
0.000192	0.128	0.000192	-1.08
0.000192	0.12	0.000192	-1.04
0.000192	0.128	0.000192	-1.08
0.000192	0.112	0.000192	-1
0.000192	0.112	0.000192	-1
0.000192	0.12	0.000192	-1.04
0.000192	0.112	0.000192	-1.08
0.000193	0.112	0.000193	-1.08
0.000193	0.112	0.000193	-1.04
0.000193	0.112	0.000193	-1.12
0.000193	0.104	0.000193	-1.04
0.000193	0.112	0.000193	-1.08
0.000193	0.104	0.000193	-1.04
0.000193	0.096	0.000193	-1.04
0.000193	0.096	0.000193	-1.08
0.000193	0.096	0.000193	-1
0.000193	0.104	0.000193	-1
0.000194	0.096	0.000194	-1.04
0.000194	0.088	0.000194	-1.08
0.000194	0.096	0.000194	-1.08
0.000194	0.088	0.000194	-1.08
0.000194	0.096	0.000194	-1.04
0.000194	0.088	0.000194	-1
0.000194	0.096	0.000194	-1
0.000194	0.072	0.000194	-1.04
0.000194	0.088	0.000194	-1.08
0.000194	0.08	0.000194	-1.08
0.000195	0.08	0.000195	-1.08
0.000195	0.08	0.000195	-1
0.000195	0.064	0.000195	-1.04
0.000195	0.072	0.000195	-1
0.000195	0.064	0.000195	-1.04
0.000195	0.072	0.000195	-1.08
0.000195	0.064	0.000195	-1.04
0.000195	0.064	0.000195	-1.04
0.000195	0.064	0.000195	-1.08
0.000195	0.064	0.000195	-1.04
0.000196	0.064	0.000196	-1.08
0.000196	0.064	0.000196	-1.04
0.000196	0.048	0.000196	-1.08
0.000196	0.056	0.000196	-1.04
0.000196	0.048	0.000196	-1.08
0.000196	0.048	0.000196	-1.08
0.000196	0.048	0.000196	-1.08
0.000196	0.056	0.000196	-1.04
0.000196	0.04	0.000196	-1
0.000196	0.056	0.000196	-1.04
0.000197	0.04	0.000197	-1.08
0.000197	0.04	0.000197	-1.04
0.000197	0.048	0.000197	-1.04
0.000197	0.048	0.000197	-1.12
0.000197	0.04	0.000197	-1.08
0.000197	0.032	0.000197	-1.04
0.000197	0.032	0.000197	-1.08
0.000197	0.024	0.000197	-1
0.000197	0.024	0.000197	-1.04
0.000198	0.032	0.000198	-1.04
0.000198	0.024	0.000198	-1.08
0.000198	0.024	0.000198	-1.08
0.000198	0.024	0.000198	-1.08
0.000198	0.016	0.000198	-1.08
0.000198	0.016	0.000198	-1.08
0.000198	0.016	0.000198	-1.04
0.000198	0.016	0.000198	-1.04
0.000198	0.008	0.000198	-1.04
0.000198	0.008	0.000198	-1.08
0.000199	0.008	0.000199	-1.04
0.000199	0.008	0.000199	-1.08
0.000199	0.008	0.000199	-1.04
0.000199	0.008	0.000199	-1.08
0.000199	0	0.000199	-1.12
0.000199	0	0.000199	-1.04
0.000199	0.008	0.000199	-1.04
0.000199	0	0.000199	-1.08
0.000199	0	0.000199	-1.08
0.000199	0	0.000199	-1.08
0.000199	-0.008	0.000199	-1.12
0.0002	-0.008	0.0002	-0.96
0.0002	-0.016	0.0002	-1.08
0.0002	-0.008	0.0002	-1.08
0.0002	-0.008	0.0002	-1.04
0.0002	-0.016	0.0002	-1.08
0.0002	-0.016	0.0002	-1.04
0.0002	-0.008	0.0002	-1.04
0.0002	-0.024	0.0002	-1.08
0.0002	-0.016	0.0002	-1.04
0.0002	-0.016	0.0002	-1.08
0.000201	-0.024	0.000201	-1.04
0.000201	-0.016	0.000201	-1.04
0.000201	-0.024	0.000201	-1.08
0.000201	-0.024	0.000201	-1.04
0.000201	-0.024	0.000201	-1.12
0.000201	-0.024	0.000201	-1.12
0.000201	-0.032	0.000201	-1.08
0.000201	-0.04	0.000201	-1.08
0.000201	-0.032	0.000201	-1.04
0.000201	-0.032	0.000201	-1
0.000202	-0.032	0.000202	-1.08
0.000202	-0.032	0.000202	-1.08
0.000202	-0.04	0.000202	-1.04
0.000202	-0.04	0.000202	-1.08
0.000202	-0.048	0.000202	-1.08
0.000202	-0.048	0.000202	-1.04
0.000202	-0.048	0.000202	-1.08
0.000202	-0.048	0.000202	-1.04
0.000202	-0.048	0.000202	-1.08
0.000202	-0.056	0.000202	-1.08
0.000203	-0.048	0.000203	-1.04
0.000203	-0.056	0.000203	-1.04
0.000203	-0.056	0.000203	-1
0.000203	-0.056	0.000203	-1.08
0.000203	-0.064	0.000203	-1.04
0.000203	-0.056	0.000203	-1.04
0.000203	-0.056	0.000203	-1.04
0.000203	-0.064	0.000203	-1.04
0.000203	-0.056	0.000203	-1.04
0.000203	-0.064	0.000203	-1.04
0.000204	-0.064	0.000204	-1.08
0.000204	-0.064	0.000204	-1.08
0.000204	-0.072	0.000204	-1.12
0.000204	-0.072	0.000204	-1.08
0.000204	-0.08	0.000204	-1.08
0.000204	-0.072	0.000204	-1.08
0.000204	-0.08	0.000204	-1.04
0.000204	-0.072	0.000204	-1.12
0.000204	-0.08	0.000204	-1.08
0.000204	-0.072	0.000204	-1.12
0.000205	-0.08	0.000205	-1.08
0.000205	-0.088	0.000205	-1.08
0.000205	-0.08	0.000205	-1.08
0.000205	-0.088	0.000205	-1
0.000205	-0.088	0.000205	-1.04
0.000205	-0.088	0.000205	-1.04
0.000205	-0.088	0.000205	-1.08
0.000205	-0.096	0.000205	-1.08
0.000205	-0.096	0.000205	-1.04
0.000205	-0.096	0.000205	-1.04
0.000206	-0.096	0.000206	-1.04
0.000206	-0.104	0.000206	-1.04
0.000206	-0.104	0.000206	-1.04
0.000206	-0.096	0.000206	-1.04
0.000206	-0.096	0.000206	-1
0.000206	-0.104	0.000206	-1.12
0.000206	-0.104	0.000206	-1.04
0.000206	-0.104	0.000206	-1.04
0.000206	-0.12	0.000206	-1.04
0.000206	-0.104	0.000206	-1.08
0.000207	-0.112	0.000207	-1.08
0.000207	-0.112	0.000207	-1.08
0.000207	-0.112	0.000207	-1.08
0.000207	-0.112	0.000207	-1.04
0.000207	-0.112	0.000207	-1.04
0.000207	-0.112	0.000207	-1.04
0.000207	-0.12	0.000207	-1.04
0.000207	-0.12	0.000207	-1
0.000207	-0.12	0.000207	-1.04
0.000208	-0.12	0.000208	-1.08
0.000208	-0.12	0.000208	-1.04
0.000208	-0.128	0.000208	-1.12
0.000208	-0.128	0.000208	-1.08
0.000208	-0.128	0.000208	-1.04
0.000208	-0.136	0.000208	-1.04
0.000208	-0.136	0.000208	-1.08
0.000208	-0.12	0.000208	-1.08
0.000208	-0.136	0.000208	-1.04
0.000208	-0.128	0.000208	-1.12
0.000208	-0.128	0.000208	-1.08
0.000209	-0.144	0.000209	-1.04
0.000209	-0.136	0.000209	-1.04
0.000209	-0.144	0.000209	-1.12
0.000209	-0.136	0.000209	-1.12
0.000209	-0.144	0.000209	-1.08
0.000209	-0.144	0.000209	-1.04
0.000209	-0.152	0.000209	-1.08
0.000209	-0.144	0.000209	-1.04
0.000209	-0.144	0.000209	-1.04
0.000209	-0.152	0.000209	-1.04
0.00021	-0.144	0.00021	-1.12
0.00021	-0.144	0.00021	-1.08
0.00021	-0.152	0.00021	-1
0.00021	-0.152	0.00021	-1.08
0.00021	-0.152	0.00021	-1.04
0.00021	-0.16	0.00021	-1.08
0.00021	-0.168	0.00021	-1.08
0.00021	-0.152	0.00021	-1.08
0.00021	-0.16	0.00021	-1.04
0.00021	-0.168	0.00021	-1.08
0.000211	-0.16	0.000211	-1
0.000211	-0.168	0.000211	-1.04
0.000211	-0.168	0.000211	-1.04
0.000211	-0.16	0.000211	-1.08
0.000211	-0.168	0.000211	-1.04
0.000211	-0.176	0.000211	-1.04
0.000211	-0.176	0.000211	-1.08
0.000211	-0.168	0.000211	-1.08
0.000211	-0.176	0.000211	-1.04
0.000211	-0.176	0.000211	-1.08
0.000212	-0.176	0.000212	-1.04
0.000212	-0.176	0.000212	-1.04
0.000212	-0.176	0.000212	-1.04
0.000212	-0.176	0.000212	-1.08
0.000212	-0.176	0.000212	-1.04
0.000212	-0.184	0.000212	1
0.000212	-0.192	0.000212	1
0.000212	-0.176	0.000212	1
0.000212	-0.168	0.000212	1
0.000212	-0.168	0.000212	0.96
0.000213	-0.176	0.000213	0.92
0.000213	-0.168	0.000213	0.96
0.000213	-0.16	0.000213	0.96
0.000213	-0.16	0.000213	0.92
0.000213	-0.16	0.000213	0.96
0.000213	-0.16	0.000213	0.96
0.000213	-0.16	0.000213	0.92
0.000213	-0.152	0.000213	0.96
0.000213	-0.152	0.000213	0.96
0.000213	-0.144	0.000213	0.92
0.000214	-0.144	0.000214	0.96
0.000214	-0.144	0.000214	1
0.000214	-0.136	0.000214	1
0.000214	-0.136	0.000214	0.96
0.000214	-0.136	0.000214	0.96
0.000214	-0.144	0.000214	0.96
0.000214	-0.128	0.000214	0.96
0.000214	-0.128	0.000214	0.92
0.000214	-0.128	0.000214	0.96
0.000214	-0.128	0.000214	0.96
0.000215	-0.128	0.000215	1
0.000215	-0.128	0.000215	0.92
0.000215	-0.128	0.000215	1
0.000215	-0.12	0.000215	0.96
0.000215	-0.112	0.000215	1
0.000215	-0.12	0.000215	0.96
0.000215	-0.112	0.000215	0.96
0.000215	-0.112	0.000215	0.96
0.000215	-0.112	0.000215	0.96
0.000215	-0.112	0.000215	0.92
0.000216	-0.112	0.000216	0.96
0.000216	-0.104	0.000216	0.96
0.000216	-0.104	0.000216	0.96
0.000216	-0.104	0.000216	0.96
0.000216	-0.104	0.000216	0.96
0.000216	-0.104	0.000216	0.96
0.000216	-0.096	0.000216	1
0.000216	-0.096	0.000216	0.96
0.000216	-0.096	0.000216	0.96
0.000216	-0.096	0.000216	0.96
0.000217	-0.088	0.000217	1.04
0.000217	-0.088	0.000217	1
0.000217	-0.088	0.000217	0.96
0.000217	-0.08	0.000217	1
0.000217	-0.08	0.000217	1
0.000217	-0.088	0.000217	0.96
0.000217	-0.088	0.000217	0.96
0.000217	-0.072	0.000217	0.96
0.000217	-0.088	0.000217	1
0.000218	-0.064	0.000218	0.96
0.000218	-0.072	0.000218	0.96
0.000218	-0.072	0.000218	0.96
0.000218	-0.072	0.000218	0.96
0.000218	-0.064	0.000218	1
0.000218	-0.064	0.000218	1
0.000218	-0.064	0.000218	0.96
0.000218	-0.056	0.000218	0.96
0.000218	-0.064	0.000218	0.96
0.000218	-0.056	0.000218	0.96
0.000218	-0.048	0.000218	1
0.000219	-0.048	0.000219	0.92
0.000219	-0.056	0.000219	0.96
0.000219	-0.048	0.000219	0.96
0.000219	-0.048	0.000219	0.96
0.000219	-0.048	0.000219	0.92
0.000219	-0.056	0.000219	0.96
0.000219	-0.048	0.000219	0.96
0.000219	-0.032	0.000219	0.96
0.000219	-0.04	0.000219	1
0.000219	-0.032	0.000219	0.96
0.00022	-0.04	0.00022	0.96
0.00022	-0.032	0.00022	0.96
0.00022	-0.032	0.00022	0.96
0.00022	-0.032	0.00022	1
0.00022	-0.024	0.00022	0.92
0.00022	-0.04	0.00022	0.96
0.00022	-0.024	0.00022	0.96
0.00022	-0.024	0.00022	0.96
0.00022	-0.016	0.00022	0.92
0.00022	-0.024	0.00022	0.96
0.000221	-0.024	0.000221	0.96
0.000221	-0.008	0.000221	0.96
0.000221	-0.016	0.000221	0.92
0.000221	-0.016	0.000221	0.96
0.000221	-0.016	0.000221	0.96
0.000221	-0.008	0.000221	0.96
0.000221	0	0.000221	0.96
0.000221	-0.008	0.000221	1
0.000221	-0.008	0.000221	0.96
0.000221	0	0.000221	0.96
0.000222	0	0.000222	0.96
0.000222	0	0.000222	0.96
0.000222	0	0.000222	0.96
0.000222	0	0.000222	1
0.000222	0	0.000222	0.96
0.000222	0	0.000222	0.96
0.000222	0.008	0.000222	0.92
0.000222	0.008	0.000222	0.96
0.000222	0.008	0.000222	0.96
0.000222	0.024	0.000222	1
0.000223	0.016	0.000223	0.96
0.000223	0.016	0.000223	0.92
0.000223	0.016	0.000223	0.96
0.000223	0.016	0.000223	1
0.000223	0.016	0.000223	1
0.000223	0.024	0.000223	0.96
0.000223	0.024	0.000223	0.96
0.000223	0.032	0.000223	0.96
0.000223	0.04	0.000223	0.96
0.000223	0.032	0.000223	1
0.000224	0.024	0.000224	1
0.000224	0.032	0.000224	0.96
0.000224	0.032	0.000224	0.96
0.000224	0.04	0.000224	1
0.000224	0.032	0.000224	0.96
0.000224	0.032	0.000224	0.96
0.000224	0.04	0.000224	0.96
0.000224	0.032	0.000224	0.96
0.000224	0.04	0.000224	1
0.000224	0.04	0.000224	0.96
0.000225	0.048	0.000225	1
0.000225	0.04	0.000225	0.96
0.000225	0.048	0.000225	0.96
0.000225	0.056	0.000225	0.96
0.000225	0.064	0.000225	0.96
0.000225	0.056	0.000225	0.96
0.000225	0.048	0.000225	0.96
0.000225	0.056	0.000225	0.96
0.000225	0.056	0.000225	0.96
0.000225	0.056	0.000225	0.96
0.000226	0.056	0.000226	0.96
0.000226	0.056	0.000226	1
0.000226	0.072	0.000226	1
0.000226	0.08	0.000226	0.92
0.000226	0.064	0.000226	1
0.000226	0.064	0.000226	1
0.000226	0.072	0.000226	0.96
0.000226	0.072	0.000226	0.96
0.000226	0.072	0.000226	0.96
0.000227	0.08	0.000227	0.96
0.000227	0.08	0.000227	0.92
0.000227	0.088	0.000227	0.96
0.000227	0.08	0.000227	0.96
0.000227	0.08	0.000227	0.96
0.000227	0.088	0.000227	0.96
0.000227	0.08	0.000227	1
0.000227	0.088	0.000227	0.92
0.000227	0.088	0.000227	1
0.000227	0.096	0.000227	0.92
0.000228	0.088	0.000228	1
0.000228	0.096	0.000228	0.96
0.000228	0.104	0.000228	0.96
0.000228	0.104	0.000228	0.96
0.000228	0.096	0.000228	0.96
0.000228	0.104	0.000228	0.92
0.000228	0.104	0.000228	0.96
0.000228	0.104	0.000228	0.96
0.000228	0.104	0.000228	0.96
0.000228	0.112	0.000228	0.96
0.000228	0.104	0.000228	0.96
0.000229	0.104	0.000229	1
0.000229	0.112	0.000229	0.96
0.000229	0.112	0.000229	1
0.000229	0.112	0.000229	0.96
0.000229	0.112	0.000229	1
0.000229	0.12	0.000229	0.96
0.000229	0.112	0.000229	0.96
0.000229	0.112	0.000229	0.96
0.000229	0.112	0.000229	0.96
0.000229	0.128	0.000229	1
0.00023	0.128	0.00023	0.96
0.00023	0.12	0.00023	0.96
0.00023	0.128	0.00023	0.96
0.00023	0.128	0.00023	1
0.00023	0.128	0.00023	0.96
0.00023	0.128	0.00023	1
0.00023	0.128	0.00023	1
0.00023	0.128	0.00023	0.96
0.00023	0.136	0.00023	0.96
0.00023	0.128	0.00023	0.92
0.000231	0.144	0.000231	0.96
0.000231	0.136	0.000231	0.96
0.000231	0.144	0.000231	0.96
0.000231	0.144	0.000231	0.96
0.000231	0.144	0.000231	0.96
0.000231	0.144	0.000231	0.96
0.000231	0.144	0.000231	0.96
0.000231	0.136	0.000231	1
0.000231	0.16	0.000231	1
0.000231	0.152	0.000231	0.96
0.000232	0.152	0.000232	1
0.000232	0.16	0.000232	0.96
0.000232	0.152	0.000232	0.96
0.000232	0.144	0.000232	0.96
0.000232	0.16	0.000232	0.96
0.000232	0.152	0.000232	0.92
0.000232	0.16	0.000232	1
0.000232	0.16	0.000232	1
0.000232	0.168	0.000232	0.96
0.000232	0.16	0.000232	1
0.000233	0.168	0.000233	0.96
0.000233	0.16	0.000233	0.96
0.000233	0.168	0.000233	0.96
0.000233	0.16	0.000233	0.96
0.000233	0.176	0.000233	1
0.000233	0.176	0.000233	1
0.000233	0.184	0.000233	0.92
0.000233	0.184	0.000233	1
0.000233	0.184	0.000233	1
0.000233	0.176	0.000233	1
0.000234	0.176	0.000234	0.96
0.000234	0.176	0.000234	1
0.000234	0.192	0.000234	1
0.000234	0.176	0.000234	0.96
0.000234	0.184	0.000234	0.96
0.000234	0.192	0.000234	1
0.000234	0.192	0.000234	0.92
0.000234	0.192	0.000234	0.96
0.000234	0.176	0.000234	0.96
0.000234	0.184	0.000234	0.96
0.000235	0.184	0.000235	0.96
0.000235	0.2	0.000235	0.92
0.000235	0.2	0.000235	0.96
0.000235	0.208	0.000235	0.96
0.000235	0.208	0.000235	0.96
0.000235	0.2	0.000235	0.96
0.000235	0.2	0.000235	1
0.000235	0.2	0.000235	0.96
0.000235	0.192	0.000235	0.96
0.000235	0.2	0.000235	0.96
0.000236	0.208	0.000236	0.96
0.000236	0.208	0.000236	1
0.000236	0.208	0.000236	0.96
0.000236	0.208	0.000236	1
0.000236	0.208	0.000236	1
0.000236	0.216	0.000236	1
0.000236	0.216	0.000236	0.96
0.000236	0.216	0.000236	0.96
0.000236	0.216	0.000236	0.96
0.000237	0.216	0.000237	0.96
0.000237	0.224	0.000237	0.96
0.000237	0.224	0.000237	0.96
0.000237	0.224	0.000237	0.96
0.000237	0.216	0.000237	1
0.000237	0.216	0.000237	1
0.000237	0.232	0.000237	-1.08
0.000237	0.24	0.000237	-1.04
0.000237	0.216	0.000237	-1.04
0.000237	0.224	0.000237	-1.08
0.000237	0.224	0.000237	-1.08
0.000238	0.216	0.000238	-1.08
0.000238	0.208	0.000238	-1.04
0.000238	0.208	0.000238	-1.04
0.000238	0.2	0.000238	-1.04
0.000238	0.192	0.000238	-1.08
0.000238	0.192	0.000238	-1.08
0.000238	0.2	0.000238	-1.04
0.000238	0.2	0.000238	-1.04
0.000238	0.184	0.000238	-1.08
0.000238	0.2	0.000238	-1.08
0.000239	0.184	0.000239	-1.12
0.000239	0.184	0.000239	-1.04
0.000239	0.184	0.000239	-1.04
0.000239	0.192	0.000239	-1.04
0.000239	0.192	0.000239	-1.04
0.000239	0.184	0.000239	-1.08
0.000239	0.168	0.000239	-1.04
0.000239	0.176	0.000239	-1.08
0.000239	0.176	0.000239	-1
0.000239	0.176	0.000239	-1
0.00024	0.168	0.00024	-1.08
0.00024	0.168	0.00024	-1.04
0.00024	0.168	0.00024	-1.04
0.00024	0.168	0.00024	-1.04
0.00024	0.168	0.00024	-1.08
0.00024	0.16	0.00024	-1.04
0.00024	0.152	0.00024	-1.08
0.00024	0.144	0.00024	-1.04
0.00024	0.16	0.00024	-1.04
0.00024	0.144	0.00024	-1.04
0.000241	0.152	0.000241	-1.08
0.000241	0.144	0.000241	-1.04
0.000241	0.144	0.000241	-1.04
0.000241	0.144	0.000241	-1.12
0.000241	0.144	0.000241	-1.04
0.000241	0.144	0.000241	-1.04
0.000241	0.136	0.000241	-1.08
0.000241	0.136	0.000241	-1
0.000241	0.144	0.000241	-1.08
0.000241	0.136	0.000241	-1.04
0.000242	0.128	0.000242	-1.04
0.000242	0.136	0.000242	-1.04
0.000242	0.12	0.000242	-1.04
0.000242	0.12	0.000242	-1.04
0.000242	0.12	0.000242	-1.08
0.000242	0.128	0.000242	-1
0.000242	0.128	0.000242	-1
0.000242	0.12	0.000242	-1.04
0.000242	0.12	0.000242	-1.04
0.000242	0.12	0.000242	-1.08
0.000243	0.104	0.000243	-1.04
0.000243	0.104	0.000243	-1.04
0.000243	0.112	0.000243	-1.04
0.000243	0.104	0.000243	-1
0.000243	0.104	0.000243	-1
0.000243	0.104	0.000243	-1.08
0.000243	0.104	0.000243	-1.08
0.000243	0.096	0.000243	-1.12
0.000243	0.096	0.000243	-1
0.000243	0.104	0.000243	-1.08
0.000244	0.096	0.000244	-1.04
0.000244	0.096	0.000244	-1.08
0.000244	0.088	0.000244	-1.04
0.000244	0.088	0.000244	-1.08
0.000244	0.08	0.000244	-1.08
0.000244	0.096	0.000244	-1.04
0.000244	0.088	0.000244	-1.08
0.000244	0.088	0.000244	-1.08
0.000244	0.08	0.000244	-1.04
0.000244	0.08	0.000244	-1.04
0.000245	0.08	0.000245	-1.04
0.000245	0.072	0.000245	-1.04
0.000245	0.072	0.000245	-1.08
0.000245	0.072	0.000245	-1.08
0.000245	0.072	0.000245	-1.04
0.000245	0.064	0.000245	-1.04
0.000245	0.064	0.000245	-1
0.000245	0.056	0.000245	-1.08
0.000245	0.064	0.000245	-1
0.000246	0.064	0.000246	-1.04
0.000246	0.064	0.000246	-1.04
0.000246	0.056	0.000246	-1.12
0.000246	0.064	0.000246	-1.04
0.000246	0.056	0.000246	-1.04
0.000246	0.048	0.000246	-1.04
0.000246	0.048	0.000246	-1.08
0.000246	0.056	0.000246	-1.04
0.000246	0.056	0.000246	-1.08
0.000246	0.048	0.000246	-1.08
0.000246	0.04	0.000246	-1.04
0.000247	0.04	0.000247	-1.04
0.000247	0.048	0.000247	-1.04
0.000247	0.032	0.000247	-1.04
0.000247	0.032	0.000247	-1.04
0.000247	0.032	0.000247	-1.04
0.000247	0.04	0.000247	-1.04
0.000247	0.032	0.000247	-1.08
0.000247	0.024	0.000247	-1.12
0.000247	0.032	0.000247	-1.12
0.000247	0.024	0.000247	-1.04
0.000248	0.032	0.000248	-1.04
0.000248	0.032	0.000248	-1.08
0.000248	0.016	0.000248	-1.08
0.000248	0.016	0.000248	-1.04
0.000248	0.016	0.000248	-1.08
0.000248	0.016	0.000248	-1.04
0.000248	0.024	0.000248	-1.08
0.000248	0.016	0.000248	-1.04
0.000248	0.008	0.000248	-1.08
0.000248	0.008	0.000248	-1.08
0.000249	0.008	0.000249	-1.04
0.000249	0.008	0.000249	-1.04
0.000249	0.008	0.000249	-1.08
0.000249	0.008	0.000249	-1.08
0.000249	0.016	0.000249	-1.08
0.000249	0.008	0.000249	-1.04
0.000249	0	0.000249	-1.08
0.000249	0.008	0.000249	-1.08
0.000249	-0.008	0.000249	-1.04
0.000249	0	0.000249	-1.08
0.00025	0.008	0.00025	-1.08
0.00025	0	0.00025	-1
0.00025	-0.016	0.00025	-1.08
0.00025	-0.008	0.00025	-1.04
